DATE[day/month/year hour:min],t[days],JDfrom0,JD,Qtot[m3/s],Vsup/Dt[m3/s],Vsub/Dt[m3/s],Vchannel[m3],Qoutlandsup[m3/s],Qoutlandsub[m3/s],Qoutbottom[m3/s]
01/05/2013 01:00,0.041667,735355.041667,120.041667,2.680288e-02,0.000000e+00,4.465696e-01,1.511733e+03,0.000000e+00,0.000000e+00,0.000000e+00
01/05/2013 02:00,0.083333,735355.083333,120.083333,6.482232e-02,0.000000e+00,4.448543e-01,2.879849e+03,0.000000e+00,0.000000e+00,0.000000e+00
01/05/2013 03:00,0.125000,735355.125000,120.125000,9.469462e-02,0.000000e+00,4.442373e-01,4.138202e+03,0.000000e+00,0.000000e+00,0.000000e+00
01/05/2013 04:00,0.166667,735355.166667,120.166667,1.480662e-01,0.000000e+00,4.442659e-01,5.204521e+03,0.000000e+00,0.000000e+00,0.000000e+00
01/05/2013 05:00,0.208333,735355.208333,120.208333,2.367823e-01,0.000000e+00,4.450265e-01,5.954200e+03,0.000000e+00,0.000000e+00,0.000000e+00
01/05/2013 06:00,0.250000,735355.250000,120.250000,3.321475e-01,0.000000e+00,4.463572e-01,6.365355e+03,0.000000e+00,0.000000e+00,0.000000e+00
01/05/2013 07:00,0.291667,735355.291667,120.291667,3.906454e-01,0.000000e+00,4.475035e-01,6.570045e+03,0.000000e+00,0.000000e+00,0.000000e+00
01/05/2013 08:00,0.333333,735355.333333,120.333333,4.220306e-01,0.000000e+00,4.481715e-01,6.664152e+03,0.000000e+00,0.000000e+00,0.000000e+00
01/05/2013 09:00,0.375000,735355.375000,120.375000,4.373837e-01,0.000000e+00,4.484476e-01,6.703982e+03,0.000000e+00,0.000000e+00,0.000000e+00
01/05/2013 10:00,0.416667,735355.416667,120.416667,4.441097e-01,0.000000e+00,4.484489e-01,6.719604e+03,0.000000e+00,0.000000e+00,0.000000e+00
01/05/2013 11:00,0.458333,735355.458333,120.458333,4.468372e-01,0.000000e+00,4.482888e-01,6.724829e+03,0.000000e+00,0.000000e+00,0.000000e+00
01/05/2013 12:00,0.500000,735355.500000,120.500000,4.478187e-01,0.000000e+00,4.480800e-01,6.725770e+03,0.000000e+00,0.000000e+00,0.000000e+00
01/05/2013 13:00,0.541667,735355.541667,120.541667,4.480748e-01,0.000000e+00,4.479124e-01,6.725186e+03,0.000000e+00,0.000000e+00,0.000000e+00
01/05/2013 14:00,0.583333,735355.583333,120.583333,4.480633e-01,0.000000e+00,4.478323e-01,6.724354e+03,0.000000e+00,0.000000e+00,0.000000e+00
01/05/2013 15:00,0.625000,735355.625000,120.625000,4.479949e-01,0.000000e+00,4.478701e-01,6.723905e+03,0.000000e+00,0.000000e+00,0.000000e+00
01/05/2013 16:00,0.666667,735355.666667,120.666667,4.479681e-01,0.000000e+00,4.480295e-01,6.724126e+03,0.000000e+00,0.000000e+00,0.000000e+00
01/05/2013 17:00,0.708333,735355.708333,120.708333,4.480250e-01,0.000000e+00,4.482900e-01,6.725080e+03,0.000000e+00,0.000000e+00,0.000000e+00
01/05/2013 18:00,0.750000,735355.750000,120.750000,4.481740e-01,0.000000e+00,4.486145e-01,6.726665e+03,0.000000e+00,0.000000e+00,0.000000e+00
01/05/2013 19:00,0.791667,735355.791667,120.791667,4.484019e-01,0.000000e+00,4.489625e-01,6.728684e+03,0.000000e+00,0.000000e+00,0.000000e+00
01/05/2013 20:00,0.833333,735355.833333,120.833333,4.486681e-01,0.000000e+00,4.492095e-01,6.730633e+03,0.000000e+00,0.000000e+00,0.000000e+00
01/05/2013 21:00,0.875000,735355.875000,120.875000,4.489175e-01,0.000000e+00,4.493462e-01,6.732176e+03,0.000000e+00,0.000000e+00,0.000000e+00
01/05/2013 22:00,0.916667,735355.916667,120.916667,4.491234e-01,0.000000e+00,4.494411e-01,6.733320e+03,0.000000e+00,0.000000e+00,0.000000e+00
01/05/2013 23:00,0.958333,735355.958333,120.958333,4.492825e-01,0.000000e+00,4.495161e-01,6.734161e+03,0.000000e+00,0.000000e+00,0.000000e+00
02/05/2013 00:00,1.000000,735356.000000,121.000000,4.494027e-01,0.000000e+00,4.495791e-01,6.734796e+03,0.000000e+00,0.000000e+00,0.000000e+00
02/05/2013 01:00,1.041667,735356.041667,121.041667,4.494948e-01,0.000000e+00,4.496337e-01,6.735296e+03,0.000000e+00,0.000000e+00,0.000000e+00
02/05/2013 02:00,1.083333,735356.083333,121.083333,4.495678e-01,0.000000e+00,4.496820e-01,6.735707e+03,0.000000e+00,0.000000e+00,0.000000e+00
02/05/2013 03:00,1.125000,735356.125000,121.125000,4.496279e-01,0.000000e+00,4.497252e-01,6.736058e+03,0.000000e+00,0.000000e+00,0.000000e+00
02/05/2013 04:00,1.166667,735356.166667,121.166667,4.496792e-01,0.000000e+00,4.497643e-01,6.736364e+03,0.000000e+00,0.000000e+00,0.000000e+00
02/05/2013 05:00,1.208333,735356.208333,121.208333,4.497251e-01,0.000000e+00,4.498069e-01,6.736658e+03,0.000000e+00,0.000000e+00,0.000000e+00
02/05/2013 06:00,1.250000,735356.250000,121.250000,4.497656e-01,0.000000e+00,4.498233e-01,6.736866e+03,0.000000e+00,0.000000e+00,0.000000e+00
02/05/2013 07:00,1.291667,735356.291667,121.291667,4.497766e-01,0.000000e+00,4.497215e-01,6.736668e+03,0.000000e+00,0.000000e+00,0.000000e+00
02/05/2013 08:00,1.333333,735356.333333,121.333333,6.308101e-01,1.188555e+00,4.449197e-01,1.034626e+04,0.000000e+00,0.000000e+00,0.000000e+00
02/05/2013 09:00,1.375000,735356.375000,121.375000,1.445098e+00,2.814716e+00,4.247414e-01,1.680595e+04,0.000000e+00,0.000000e+00,0.000000e+00
02/05/2013 10:00,1.416667,735356.416667,121.416667,2.561344e+00,3.317927e+00,4.207200e-01,2.104424e+04,0.000000e+00,0.000000e+00,0.000000e+00
02/05/2013 11:00,1.458333,735356.458333,121.458333,3.421902e+00,3.515080e+00,4.273933e-01,2.291830e+04,0.000000e+00,0.000000e+00,0.000000e+00
02/05/2013 12:00,1.500000,735356.500000,121.500000,3.843042e+00,3.639555e+00,4.335619e-01,2.374657e+04,0.000000e+00,0.000000e+00,0.000000e+00
02/05/2013 13:00,1.541667,735356.541667,121.541667,4.042989e+00,3.749340e+00,4.368499e-01,2.426209e+04,0.000000e+00,0.000000e+00,0.000000e+00
02/05/2013 14:00,1.583333,735356.583333,121.583333,4.176885e+00,3.865066e+00,4.383349e-01,2.471755e+04,0.000000e+00,0.000000e+00,0.000000e+00
02/05/2013 15:00,1.625000,735356.625000,121.625000,4.301262e+00,3.993946e+00,4.390491e-01,2.519179e+04,0.000000e+00,0.000000e+00,0.000000e+00
02/05/2013 16:00,1.666667,735356.666667,121.666667,4.434798e+00,4.139205e+00,4.395181e-01,2.570992e+04,0.000000e+00,0.000000e+00,0.000000e+00
02/05/2013 17:00,1.708333,735356.708333,121.708333,4.584258e+00,4.302132e+00,4.399565e-01,2.627811e+04,0.000000e+00,0.000000e+00,0.000000e+00
02/05/2013 18:00,1.750000,735356.750000,121.750000,4.752097e+00,4.482976e+00,4.404168e-01,2.689477e+04,0.000000e+00,0.000000e+00,0.000000e+00
02/05/2013 19:00,1.791667,735356.791667,121.791667,4.938729e+00,4.681689e+00,4.408549e-01,2.755650e+04,0.000000e+00,0.000000e+00,0.000000e+00
02/05/2013 20:00,1.833333,735356.833333,121.833333,5.143990e+00,4.897265e+00,4.410859e-01,2.825620e+04,0.000000e+00,0.000000e+00,0.000000e+00
02/05/2013 21:00,1.875000,735356.875000,121.875000,5.367091e+00,5.128942e+00,4.410835e-01,2.898677e+04,0.000000e+00,0.000000e+00,0.000000e+00
02/05/2013 22:00,1.916667,735356.916667,121.916667,5.607426e+00,5.377126e+00,4.410045e-01,2.974530e+04,0.000000e+00,0.000000e+00,0.000000e+00
02/05/2013 23:00,1.958333,735356.958333,121.958333,5.864898e+00,5.641955e+00,4.408908e-01,3.052991e+04,0.000000e+00,0.000000e+00,0.000000e+00
03/05/2013 00:00,2.000000,735357.000000,122.000000,6.139976e+00,5.923291e+00,4.407625e-01,3.133659e+04,0.000000e+00,0.000000e+00,0.000000e+00
03/05/2013 01:00,2.041667,735357.041667,122.041667,6.432121e+00,6.220664e+00,4.406312e-01,3.216162e+04,0.000000e+00,0.000000e+00,0.000000e+00
03/05/2013 02:00,2.083333,735357.083333,122.083333,6.741388e+00,6.533833e+00,4.405068e-01,3.300025e+04,0.000000e+00,0.000000e+00,0.000000e+00
03/05/2013 03:00,2.125000,735357.125000,122.125000,7.066933e+00,6.862151e+00,4.403935e-01,3.384845e+04,0.000000e+00,0.000000e+00,0.000000e+00
03/05/2013 04:00,2.166667,735357.166667,122.166667,7.408129e+00,7.205584e+00,4.402877e-01,3.470432e+04,0.000000e+00,0.000000e+00,0.000000e+00
03/05/2013 05:00,2.208333,735357.208333,122.208333,7.764850e+00,7.563555e+00,4.401902e-01,3.556435e+04,0.000000e+00,0.000000e+00,0.000000e+00
03/05/2013 06:00,2.250000,735357.250000,122.250000,8.136395e+00,7.935305e+00,4.400459e-01,3.642459e+04,0.000000e+00,0.000000e+00,0.000000e+00
03/05/2013 07:00,2.291667,735357.291667,122.291667,8.521570e+00,8.318192e+00,4.396616e-01,3.727521e+04,0.000000e+00,0.000000e+00,0.000000e+00
03/05/2013 08:00,2.333333,735357.333333,122.333333,8.917973e+00,8.712830e+00,4.390710e-01,3.811735e+04,0.000000e+00,0.000000e+00,0.000000e+00
03/05/2013 09:00,2.375000,735357.375000,122.375000,9.326350e+00,9.119215e+00,4.383400e-01,3.894969e+04,0.000000e+00,0.000000e+00,0.000000e+00
03/05/2013 10:00,2.416667,735357.416667,122.416667,9.746097e+00,9.536663e+00,4.375503e-01,3.977091e+04,0.000000e+00,0.000000e+00,0.000000e+00
03/05/2013 11:00,2.458333,735357.458333,122.458333,1.017729e+01,9.964757e+00,4.367986e-01,4.057826e+04,0.000000e+00,0.000000e+00,0.000000e+00
03/05/2013 12:00,2.500000,735357.500000,122.500000,1.061962e+01,1.040437e+01,4.361765e-01,4.137359e+04,0.000000e+00,0.000000e+00,0.000000e+00
03/05/2013 13:00,2.541667,735357.541667,122.541667,1.107333e+01,1.085550e+01,4.357548e-01,4.215813e+04,0.000000e+00,0.000000e+00,0.000000e+00
03/05/2013 14:00,2.583333,735357.583333,122.583333,1.153935e+01,1.131880e+01,4.355948e-01,4.293228e+04,0.000000e+00,0.000000e+00,0.000000e+00
03/05/2013 15:00,2.625000,735357.625000,122.625000,1.201807e+01,1.179451e+01,4.357180e-01,4.369605e+04,0.000000e+00,0.000000e+00,0.000000e+00
03/05/2013 16:00,2.666667,735357.666667,122.666667,1.251010e+01,1.228285e+01,4.361170e-01,4.444797e+04,0.000000e+00,0.000000e+00,0.000000e+00
03/05/2013 17:00,2.708333,735357.708333,122.708333,1.301416e+01,1.278345e+01,4.367298e-01,4.518964e+04,0.000000e+00,0.000000e+00,0.000000e+00
03/05/2013 18:00,2.750000,735357.750000,122.750000,1.353102e+01,1.329606e+01,4.374700e-01,4.591871e+04,0.000000e+00,0.000000e+00,0.000000e+00
03/05/2013 19:00,2.791667,735357.791667,122.791667,1.405908e+01,1.381930e+01,4.382302e-01,4.663316e+04,0.000000e+00,0.000000e+00,0.000000e+00
03/05/2013 20:00,2.833333,735357.833333,122.833333,1.459781e+01,1.435205e+01,4.387989e-01,4.732807e+04,0.000000e+00,0.000000e+00,0.000000e+00
03/05/2013 21:00,2.875000,735357.875000,122.875000,1.514541e+01,1.489313e+01,4.391293e-01,4.800072e+04,0.000000e+00,0.000000e+00,0.000000e+00
03/05/2013 22:00,2.916667,735357.916667,122.916667,1.569974e+01,1.544190e+01,4.393680e-01,4.865422e+04,0.000000e+00,0.000000e+00,0.000000e+00
03/05/2013 23:00,2.958333,735357.958333,122.958333,1.626186e+01,1.599837e+01,4.395633e-01,4.928809e+04,0.000000e+00,0.000000e+00,0.000000e+00
04/05/2013 00:00,3.000000,735358.000000,123.000000,1.683071e+01,1.656173e+01,4.397329e-01,4.990279e+04,0.000000e+00,0.000000e+00,0.000000e+00
04/05/2013 01:00,3.041667,735358.041667,123.041667,1.740648e+01,1.713165e+01,4.398989e-01,5.049704e+04,0.000000e+00,0.000000e+00,0.000000e+00
04/05/2013 02:00,3.083333,735358.083333,123.083333,1.798759e+01,1.770708e+01,4.400634e-01,5.107141e+04,0.000000e+00,0.000000e+00,0.000000e+00
04/05/2013 03:00,3.125000,735358.125000,123.125000,1.857296e+01,1.828747e+01,4.402181e-01,5.162844e+04,0.000000e+00,0.000000e+00,0.000000e+00
04/05/2013 04:00,3.166667,735358.166667,123.166667,1.916267e+01,1.887163e+01,4.403668e-01,5.216602e+04,0.000000e+00,0.000000e+00,0.000000e+00
04/05/2013 05:00,3.208333,735358.208333,123.208333,1.975519e+01,1.945896e+01,4.405063e-01,5.268545e+04,0.000000e+00,0.000000e+00,0.000000e+00
04/05/2013 06:00,3.250000,735358.250000,123.250000,2.034992e+01,2.004785e+01,4.405884e-01,5.318410e+04,0.000000e+00,0.000000e+00,0.000000e+00
04/05/2013 07:00,3.291667,735358.291667,123.291667,2.094439e+01,2.063592e+01,4.403978e-01,5.365904e+04,0.000000e+00,0.000000e+00,0.000000e+00
04/05/2013 08:00,3.333333,735358.333333,123.333333,2.153513e+01,2.122128e+01,4.399741e-01,5.411307e+04,0.000000e+00,0.000000e+00,0.000000e+00
04/05/2013 09:00,3.375000,735358.375000,123.375000,2.212252e+01,2.180297e+01,4.394014e-01,5.454454e+04,0.000000e+00,0.000000e+00,0.000000e+00
04/05/2013 10:00,3.416667,735358.416667,123.416667,2.270496e+01,2.238036e+01,4.387588e-01,5.495551e+04,0.000000e+00,0.000000e+00,0.000000e+00
04/05/2013 11:00,3.458333,735358.458333,123.458333,2.328223e+01,2.295282e+01,4.381429e-01,5.534695e+04,0.000000e+00,0.000000e+00,0.000000e+00
04/05/2013 12:00,3.500000,735358.500000,123.500000,2.385415e+01,2.352010e+01,4.376527e-01,5.571991e+04,0.000000e+00,0.000000e+00,0.000000e+00
04/05/2013 13:00,3.541667,735358.541667,123.541667,2.442057e+01,2.408236e+01,4.373690e-01,5.607689e+04,0.000000e+00,0.000000e+00,0.000000e+00
04/05/2013 14:00,3.583333,735358.583333,123.583333,2.498076e+01,2.463962e+01,4.373467e-01,5.642327e+04,0.000000e+00,0.000000e+00,0.000000e+00
04/05/2013 15:00,3.625000,735358.625000,123.625000,2.553606e+01,2.519186e+01,4.376033e-01,5.675952e+04,0.000000e+00,0.000000e+00,0.000000e+00
04/05/2013 16:00,3.666667,735358.666667,123.666667,2.608638e+01,2.573900e+01,4.381231e-01,5.708617e+04,0.000000e+00,0.000000e+00,0.000000e+00
04/05/2013 17:00,3.708333,735358.708333,123.708333,2.663072e+01,2.628032e+01,4.388429e-01,5.740455e+04,0.000000e+00,0.000000e+00,0.000000e+00
04/05/2013 18:00,3.750000,735358.750000,123.750000,2.716906e+01,2.681511e+01,4.396924e-01,5.771320e+04,0.000000e+00,0.000000e+00,0.000000e+00
04/05/2013 19:00,3.791667,735358.791667,123.791667,2.769905e+01,2.734105e+01,4.405639e-01,5.801041e+04,0.000000e+00,0.000000e+00,0.000000e+00
04/05/2013 20:00,3.833333,735358.833333,123.833333,2.822058e+01,2.785827e+01,4.412254e-01,5.829448e+04,0.000000e+00,0.000000e+00,0.000000e+00
04/05/2013 21:00,3.875000,735358.875000,123.875000,2.873026e+01,2.836353e+01,4.416198e-01,5.856409e+04,0.000000e+00,0.000000e+00,0.000000e+00
04/05/2013 22:00,3.916667,735358.916667,123.916667,2.922687e+01,2.885670e+01,4.419071e-01,5.882235e+04,0.000000e+00,0.000000e+00,0.000000e+00
04/05/2013 23:00,3.958333,735358.958333,123.958333,2.971162e+01,2.933784e+01,4.421461e-01,5.906846e+04,0.000000e+00,0.000000e+00,0.000000e+00
05/05/2013 00:00,4.000000,735359.000000,124.000000,3.018383e+01,2.980663e+01,4.423576e-01,5.930303e+04,0.000000e+00,0.000000e+00,0.000000e+00
05/05/2013 01:00,4.041667,735359.041667,124.041667,3.064306e+01,3.026289e+01,4.425430e-01,5.952758e+04,0.000000e+00,0.000000e+00,0.000000e+00
05/05/2013 02:00,4.083333,735359.083333,124.083333,3.108969e+01,3.070641e+01,4.427194e-01,5.974156e+04,0.000000e+00,0.000000e+00,0.000000e+00
05/05/2013 03:00,4.125000,735359.125000,124.125000,3.152332e+01,3.113699e+01,4.428876e-01,5.994514e+04,0.000000e+00,0.000000e+00,0.000000e+00
05/05/2013 04:00,4.166667,735359.166667,124.166667,3.194381e+01,3.155457e+01,4.430470e-01,6.013883e+04,0.000000e+00,0.000000e+00,0.000000e+00
05/05/2013 05:00,4.208333,735359.208333,124.208333,3.235112e+01,3.195910e+01,4.431984e-01,6.032306e+04,0.000000e+00,0.000000e+00,0.000000e+00
05/05/2013 06:00,4.250000,735359.250000,124.250000,3.274500e+01,3.235012e+01,4.432721e-01,6.049730e+04,0.000000e+00,0.000000e+00,0.000000e+00
05/05/2013 07:00,4.291667,735359.291667,124.291667,3.312391e+01,3.272574e+01,4.430532e-01,6.065889e+04,0.000000e+00,0.000000e+00,0.000000e+00
05/05/2013 08:00,4.333333,735359.333333,124.333333,3.348605e+01,3.308524e+01,4.425919e-01,6.080929e+04,0.000000e+00,0.000000e+00,0.000000e+00
05/05/2013 09:00,4.375000,735359.375000,124.375000,3.383241e+01,3.342889e+01,4.419794e-01,6.094777e+04,0.000000e+00,0.000000e+00,0.000000e+00
05/05/2013 10:00,4.416667,735359.416667,124.416667,3.416313e+01,3.375719e+01,4.413025e-01,6.107508e+04,0.000000e+00,0.000000e+00,0.000000e+00
05/05/2013 11:00,4.458333,735359.458333,124.458333,3.447889e+01,3.407096e+01,4.406516e-01,6.119287e+04,0.000000e+00,0.000000e+00,0.000000e+00
05/05/2013 12:00,4.500000,735359.500000,124.500000,3.478080e+01,3.437141e+01,4.401203e-01,6.130351e+04,0.000000e+00,0.000000e+00,0.000000e+00
05/05/2013 13:00,4.541667,735359.541667,124.541667,3.507023e+01,3.465994e+01,4.397908e-01,6.140974e+04,0.000000e+00,0.000000e+00,0.000000e+00
05/05/2013 14:00,4.583333,735359.583333,124.583333,3.534900e+01,3.493748e+01,4.397307e-01,6.151130e+04,0.000000e+00,0.000000e+00,0.000000e+00
05/05/2013 15:00,4.625000,735359.625000,124.625000,3.561733e+01,3.520527e+01,4.399694e-01,6.161176e+04,0.000000e+00,0.000000e+00,0.000000e+00
05/05/2013 16:00,4.666667,735359.666667,124.666667,3.587872e+01,3.546742e+01,4.404555e-01,6.171671e+04,0.000000e+00,0.000000e+00,0.000000e+00
05/05/2013 17:00,4.708333,735359.708333,124.708333,3.613419e+01,3.572189e+01,4.411492e-01,6.182053e+04,0.000000e+00,0.000000e+00,0.000000e+00
05/05/2013 18:00,4.750000,735359.750000,124.750000,3.638159e+01,3.596806e+01,4.419814e-01,6.192295e+04,0.000000e+00,0.000000e+00,0.000000e+00
05/05/2013 19:00,4.791667,735359.791667,124.791667,3.662136e+01,3.620662e+01,4.428264e-01,6.202404e+04,0.000000e+00,0.000000e+00,0.000000e+00
05/05/2013 20:00,4.833333,735359.833333,124.833333,3.685264e+01,3.643603e+01,4.434615e-01,6.212068e+04,0.000000e+00,0.000000e+00,0.000000e+00
05/05/2013 21:00,4.875000,735359.875000,124.875000,3.707368e+01,3.665490e+01,4.438159e-01,6.221081e+04,0.000000e+00,0.000000e+00,0.000000e+00
05/05/2013 22:00,4.916667,735359.916667,124.916667,3.728455e+01,3.686410e+01,4.440634e-01,6.229580e+04,0.000000e+00,0.000000e+00,0.000000e+00
05/05/2013 23:00,4.958333,735359.958333,124.958333,3.748609e+01,3.706426e+01,4.442606e-01,6.237654e+04,0.000000e+00,0.000000e+00,0.000000e+00
06/05/2013 00:00,5.000000,735360.000000,125.000000,3.767888e+01,3.725582e+01,4.444289e-01,6.245347e+04,0.000000e+00,0.000000e+00,0.000000e+00
06/05/2013 01:00,5.041667,735360.041667,125.041667,3.786332e+01,3.743913e+01,4.445778e-01,6.252686e+04,0.000000e+00,0.000000e+00,0.000000e+00
06/05/2013 02:00,5.083333,735360.083333,125.083333,3.803977e+01,3.761452e+01,4.447121e-01,6.259693e+04,0.000000e+00,0.000000e+00,0.000000e+00
06/05/2013 03:00,5.125000,735360.125000,125.125000,3.820849e+01,3.778227e+01,4.448349e-01,6.266396e+04,0.000000e+00,0.000000e+00,0.000000e+00
06/05/2013 04:00,5.166667,735360.166667,125.166667,3.836957e+01,3.794261e+01,4.449472e-01,6.272869e+04,0.000000e+00,0.000000e+00,0.000000e+00
06/05/2013 05:00,5.208333,735360.208333,125.208333,3.852364e+01,3.809587e+01,4.450512e-01,6.279091e+04,0.000000e+00,0.000000e+00,0.000000e+00
06/05/2013 06:00,5.250000,735360.250000,125.250000,3.867087e+01,3.824203e+01,4.450715e-01,6.284933e+04,0.000000e+00,0.000000e+00,0.000000e+00
06/05/2013 07:00,5.291667,735360.291667,125.291667,3.880957e+01,3.837901e+01,4.447931e-01,6.290057e+04,0.000000e+00,0.000000e+00,0.000000e+00
06/05/2013 08:00,5.333333,735360.333333,125.333333,3.893849e+01,3.850630e+01,4.442738e-01,6.294407e+04,0.000000e+00,0.000000e+00,0.000000e+00
06/05/2013 09:00,5.375000,735360.375000,125.375000,3.905785e+01,3.862438e+01,4.436054e-01,6.298056e+04,0.000000e+00,0.000000e+00,0.000000e+00
06/05/2013 10:00,5.416667,735360.416667,125.416667,3.916832e+01,3.873391e+01,4.428721e-01,6.301103e+04,0.000000e+00,0.000000e+00,0.000000e+00
06/05/2013 11:00,5.458333,735360.458333,125.458333,3.927085e+01,3.883591e+01,4.421671e-01,6.303703e+04,0.000000e+00,0.000000e+00,0.000000e+00
06/05/2013 12:00,5.500000,735360.500000,125.500000,3.936677e+01,3.893170e+01,4.415873e-01,6.306049e+04,0.000000e+00,0.000000e+00,0.000000e+00
06/05/2013 13:00,5.541667,735360.541667,125.541667,3.945761e+01,3.902253e+01,4.412187e-01,6.308259e+04,0.000000e+00,0.000000e+00,0.000000e+00
06/05/2013 14:00,5.583333,735360.583333,125.583333,3.954413e+01,3.910879e+01,4.411306e-01,6.310345e+04,0.000000e+00,0.000000e+00,0.000000e+00
06/05/2013 15:00,5.625000,735360.625000,125.625000,3.962837e+01,3.919460e+01,4.413246e-01,6.313067e+04,0.000000e+00,0.000000e+00,0.000000e+00
06/05/2013 16:00,5.666667,735360.666667,125.666667,3.971304e+01,3.928063e+01,4.417801e-01,6.316440e+04,0.000000e+00,0.000000e+00,0.000000e+00
06/05/2013 17:00,5.708333,735360.708333,125.708333,3.979869e+01,3.936730e+01,4.424442e-01,6.320421e+04,0.000000e+00,0.000000e+00,0.000000e+00
06/05/2013 18:00,5.750000,735360.750000,125.750000,3.988408e+01,3.945198e+01,4.432479e-01,6.324432e+04,0.000000e+00,0.000000e+00,0.000000e+00
06/05/2013 19:00,5.791667,735360.791667,125.791667,3.996792e+01,3.953553e+01,4.440709e-01,6.328637e+04,0.000000e+00,0.000000e+00,0.000000e+00
06/05/2013 20:00,5.833333,735360.833333,125.833333,4.004973e+01,3.961637e+01,4.446860e-01,6.332714e+04,0.000000e+00,0.000000e+00,0.000000e+00
06/05/2013 21:00,5.875000,735360.875000,125.875000,4.012744e+01,3.969274e+01,4.450135e-01,6.336425e+04,0.000000e+00,0.000000e+00,0.000000e+00
06/05/2013 22:00,5.916667,735360.916667,125.916667,4.020096e+01,3.976538e+01,4.452315e-01,6.339899e+04,0.000000e+00,0.000000e+00,0.000000e+00
06/05/2013 23:00,5.958333,735360.958333,125.958333,4.027105e+01,3.983486e+01,4.453986e-01,6.343216e+04,0.000000e+00,0.000000e+00,0.000000e+00
07/05/2013 00:00,6.000000,735361.000000,126.000000,4.033810e+01,3.990143e+01,4.455370e-01,6.346408e+04,0.000000e+00,0.000000e+00,0.000000e+00
07/05/2013 01:00,6.041667,735361.041667,126.041667,4.040237e+01,3.996527e+01,4.456565e-01,6.349487e+04,0.000000e+00,0.000000e+00,0.000000e+00
07/05/2013 02:00,6.083333,735361.083333,126.083333,4.046399e+01,4.002649e+01,4.457622e-01,6.352461e+04,0.000000e+00,0.000000e+00,0.000000e+00
07/05/2013 03:00,6.125000,735361.125000,126.125000,4.052314e+01,4.008527e+01,4.458569e-01,6.355338e+04,0.000000e+00,0.000000e+00,0.000000e+00
07/05/2013 04:00,6.166667,735361.166667,126.166667,4.057988e+01,4.014166e+01,4.459429e-01,6.358117e+04,0.000000e+00,0.000000e+00,0.000000e+00
07/05/2013 05:00,6.208333,735361.208333,126.208333,4.063438e+01,4.019583e+01,4.460204e-01,6.360807e+04,0.000000e+00,0.000000e+00,0.000000e+00
07/05/2013 06:00,6.250000,735361.250000,126.250000,4.068640e+01,4.024728e+01,4.460100e-01,6.363290e+04,0.000000e+00,0.000000e+00,0.000000e+00
07/05/2013 07:00,6.291667,735361.291667,126.291667,4.073420e+01,4.029388e+01,4.456954e-01,6.365223e+04,0.000000e+00,0.000000e+00,0.000000e+00
07/05/2013 08:00,6.333333,735361.333333,126.333333,4.077646e+01,4.033500e+01,4.451397e-01,6.366548e+04,0.000000e+00,0.000000e+00,0.000000e+00
07/05/2013 09:00,6.375000,735361.375000,126.375000,4.081320e+01,4.037092e+01,4.444357e-01,6.367327e+04,0.000000e+00,0.000000e+00,0.000000e+00
07/05/2013 10:00,6.416667,735361.416667,126.416667,4.084490e+01,4.040213e+01,4.436686e-01,6.367652e+04,0.000000e+00,0.000000e+00,0.000000e+00
07/05/2013 11:00,6.458333,735361.458333,126.458333,4.087241e+01,4.042954e+01,4.429323e-01,6.367672e+04,0.000000e+00,0.000000e+00,0.000000e+00
07/05/2013 12:00,6.500000,735361.500000,126.500000,4.089691e+01,4.045431e+01,4.423247e-01,6.367572e+04,0.000000e+00,0.000000e+00,0.000000e+00
07/05/2013 13:00,6.541667,735361.541667,126.541667,4.091966e+01,4.047684e+01,4.419339e-01,6.367254e+04,0.000000e+00,0.000000e+00,0.000000e+00
07/05/2013 14:00,6.583333,735361.583333,126.583333,4.094080e+01,4.049879e+01,4.418303e-01,6.367188e+04,0.000000e+00,0.000000e+00,0.000000e+00
07/05/2013 15:00,6.625000,735361.625000,126.625000,4.096387e+01,4.052377e+01,4.420015e-01,6.367876e+04,0.000000e+00,0.000000e+00,0.000000e+00
07/05/2013 16:00,6.666667,735361.666667,126.666667,4.099037e+01,4.055180e+01,4.424445e-01,6.369274e+04,0.000000e+00,0.000000e+00,0.000000e+00
07/05/2013 17:00,6.708333,735361.708333,126.708333,4.102046e+01,4.058337e+01,4.431013e-01,6.371437e+04,0.000000e+00,0.000000e+00,0.000000e+00
07/05/2013 18:00,6.750000,735361.750000,126.750000,4.105388e+01,4.061656e+01,4.438888e-01,6.373803e+04,0.000000e+00,0.000000e+00,0.000000e+00
07/05/2013 19:00,6.791667,735361.791667,126.791667,4.108823e+01,4.065054e+01,4.447105e-01,6.376330e+04,0.000000e+00,0.000000e+00,0.000000e+00
07/05/2013 20:00,6.833333,735361.833333,126.833333,4.112277e+01,4.068435e+01,4.453250e-01,6.378814e+04,0.000000e+00,0.000000e+00,0.000000e+00
07/05/2013 21:00,6.875000,735361.875000,126.875000,4.115558e+01,4.071605e+01,4.456439e-01,6.381015e+04,0.000000e+00,0.000000e+00,0.000000e+00
07/05/2013 22:00,6.916667,735361.916667,126.916667,4.118644e+01,4.074626e+01,4.458500e-01,6.383054e+04,0.000000e+00,0.000000e+00,0.000000e+00
07/05/2013 23:00,6.958333,735361.958333,126.958333,4.121599e+01,4.077542e+01,4.460045e-01,6.385009e+04,0.000000e+00,0.000000e+00,0.000000e+00
08/05/2013 00:00,7.000000,735362.000000,127.000000,4.124455e+01,4.080369e+01,4.461301e-01,6.386906e+04,0.000000e+00,0.000000e+00,0.000000e+00
08/05/2013 01:00,7.041667,735362.041667,127.041667,4.127224e+01,4.083114e+01,4.462370e-01,6.388756e+04,0.000000e+00,0.000000e+00,0.000000e+00
08/05/2013 02:00,7.083333,735362.083333,127.083333,4.129914e+01,4.085783e+01,4.463304e-01,6.390565e+04,0.000000e+00,0.000000e+00,0.000000e+00
08/05/2013 03:00,7.125000,735362.125000,127.125000,4.132529e+01,4.088379e+01,4.464131e-01,6.392332e+04,0.000000e+00,0.000000e+00,0.000000e+00
08/05/2013 04:00,7.166667,735362.166667,127.166667,4.135073e+01,4.090904e+01,4.464872e-01,6.394061e+04,0.000000e+00,0.000000e+00,0.000000e+00
08/05/2013 05:00,7.208333,735362.208333,127.208333,4.137547e+01,4.093361e+01,4.465534e-01,6.395748e+04,0.000000e+00,0.000000e+00,0.000000e+00
08/05/2013 06:00,7.250000,735362.250000,127.250000,4.139920e+01,4.095690e+01,4.465266e-01,6.397271e+04,0.000000e+00,0.000000e+00,0.000000e+00
08/05/2013 07:00,7.291667,735362.291667,127.291667,4.142008e+01,4.097669e+01,4.461900e-01,6.398282e+04,0.000000e+00,0.000000e+00,0.000000e+00
08/05/2013 08:00,7.333333,735362.333333,127.333333,4.143667e+01,4.099228e+01,4.456133e-01,6.398725e+04,0.000000e+00,0.000000e+00,0.000000e+00
08/05/2013 09:00,7.375000,735362.375000,127.375000,4.144897e+01,4.100390e+01,4.448888e-01,6.398660e+04,0.000000e+00,0.000000e+00,0.000000e+00
08/05/2013 10:00,7.416667,735362.416667,127.416667,4.145744e+01,4.101201e+01,4.441023e-01,6.398181e+04,0.000000e+00,0.000000e+00,0.000000e+00
08/05/2013 11:00,7.458333,735362.458333,127.458333,4.146284e+01,4.101741e+01,4.433489e-01,6.397433e+04,0.000000e+00,0.000000e+00,0.000000e+00
08/05/2013 12:00,7.500000,735362.500000,127.500000,4.146630e+01,4.102126e+01,4.427268e-01,6.396602e+04,0.000000e+00,0.000000e+00,0.000000e+00
08/05/2013 13:00,7.541667,735362.541667,127.541667,4.146860e+01,4.102290e+01,4.423302e-01,6.395388e+04,0.000000e+00,0.000000e+00,0.000000e+00
08/05/2013 14:00,7.583333,735362.583333,127.583333,4.147046e+01,4.102644e+01,4.422123e-01,6.394737e+04,0.000000e+00,0.000000e+00,0.000000e+00
08/05/2013 15:00,7.625000,735362.625000,127.625000,4.147497e+01,4.103254e+01,4.422580e-01,6.394675e+04,0.000000e+00,0.000000e+00,0.000000e+00
08/05/2013 16:00,7.666667,735362.666667,127.666667,4.148468e+01,4.104431e+01,4.428264e-01,6.395561e+04,0.000000e+00,0.000000e+00,0.000000e+00
08/05/2013 17:00,7.708333,735362.708333,127.708333,4.149880e+01,4.105971e+01,4.434769e-01,6.397142e+04,0.000000e+00,0.000000e+00,0.000000e+00
08/05/2013 18:00,7.750000,735362.750000,127.750000,4.151702e+01,4.107822e+01,4.442614e-01,6.399106e+04,0.000000e+00,0.000000e+00,0.000000e+00
08/05/2013 19:00,7.791667,735362.791667,127.791667,4.153725e+01,4.109784e+01,4.450833e-01,6.401147e+04,0.000000e+00,0.000000e+00,0.000000e+00
08/05/2013 20:00,7.833333,735362.833333,127.833333,4.155810e+01,4.111799e+01,4.457045e-01,6.403159e+04,0.000000e+00,0.000000e+00,0.000000e+00
08/05/2013 21:00,7.875000,735362.875000,127.875000,4.157787e+01,4.113669e+01,4.460231e-01,6.404906e+04,0.000000e+00,0.000000e+00,0.000000e+00
08/05/2013 22:00,7.916667,735362.916667,127.916667,4.159629e+01,4.115452e+01,4.462257e-01,6.406508e+04,0.000000e+00,0.000000e+00,0.000000e+00
08/05/2013 23:00,7.958333,735362.958333,127.958333,4.161401e+01,4.117190e+01,4.463756e-01,6.408045e+04,0.000000e+00,0.000000e+00,0.000000e+00
09/05/2013 00:00,8.000000,735363.000000,128.000000,4.163130e+01,4.118896e+01,4.464964e-01,6.409542e+04,0.000000e+00,0.000000e+00,0.000000e+00
09/05/2013 01:00,8.041667,735363.041667,128.041667,4.164826e+01,4.120574e+01,4.465984e-01,6.411007e+04,0.000000e+00,0.000000e+00,0.000000e+00
09/05/2013 02:00,8.083333,735363.083333,128.083333,4.166496e+01,4.122227e+01,4.466868e-01,6.412447e+04,0.000000e+00,0.000000e+00,0.000000e+00
09/05/2013 03:00,8.125000,735363.125000,128.125000,4.168139e+01,4.123855e+01,4.467646e-01,6.413860e+04,0.000000e+00,0.000000e+00,0.000000e+00
09/05/2013 04:00,8.166667,735363.166667,128.166667,4.169756e+01,4.125458e+01,4.468339e-01,6.415249e+04,0.000000e+00,0.000000e+00,0.000000e+00
09/05/2013 05:00,8.208333,735363.208333,128.208333,4.171348e+01,4.127037e+01,4.468954e-01,6.416612e+04,0.000000e+00,0.000000e+00,0.000000e+00
09/05/2013 06:00,8.250000,735363.250000,128.250000,4.172878e+01,4.128527e+01,4.468585e-01,6.417816e+04,0.000000e+00,0.000000e+00,0.000000e+00
09/05/2013 07:00,8.291667,735363.291667,128.291667,4.174154e+01,4.129696e+01,4.465072e-01,6.418510e+04,0.000000e+00,0.000000e+00,0.000000e+00
09/05/2013 08:00,8.333333,735363.333333,128.333333,4.175034e+01,4.130480e+01,4.459167e-01,6.418644e+04,0.000000e+00,0.000000e+00,0.000000e+00
09/05/2013 09:00,8.375000,735363.375000,128.375000,4.175517e+01,4.130898e+01,4.451788e-01,6.418279e+04,0.000000e+00,0.000000e+00,0.000000e+00
09/05/2013 10:00,8.416667,735363.416667,128.416667,4.175647e+01,4.130995e+01,4.443801e-01,6.417510e+04,0.000000e+00,0.000000e+00,0.000000e+00
09/05/2013 11:00,8.458333,735363.458333,128.458333,4.175499e+01,4.130852e+01,4.436160e-01,6.416481e+04,0.000000e+00,0.000000e+00,0.000000e+00
09/05/2013 12:00,8.500000,735363.500000,128.500000,4.175186e+01,4.130551e+01,4.429853e-01,6.415270e+04,0.000000e+00,0.000000e+00,0.000000e+00
09/05/2013 13:00,8.541667,735363.541667,128.541667,4.174734e+01,4.130062e+01,4.425874e-01,6.413779e+04,0.000000e+00,0.000000e+00,0.000000e+00
09/05/2013 14:00,8.583333,735363.583333,128.583333,4.174236e+01,4.129699e+01,4.421895e-01,6.412632e+04,0.000000e+00,0.000000e+00,0.000000e+00
09/05/2013 15:00,8.625000,735363.625000,128.625000,4.173947e+01,4.129620e+01,4.422251e-01,6.412255e+04,0.000000e+00,0.000000e+00,0.000000e+00
09/05/2013 16:00,8.666667,735363.666667,128.666667,4.174439e+01,4.130356e+01,4.431031e-01,6.413075e+04,0.000000e+00,0.000000e+00,0.000000e+00
09/05/2013 17:00,8.708333,735363.708333,128.708333,4.175400e+01,4.131410e+01,4.437439e-01,6.414458e+04,0.000000e+00,0.000000e+00,0.000000e+00
09/05/2013 18:00,8.750000,735363.750000,128.750000,4.176753e+01,4.132826e+01,4.445244e-01,6.416348e+04,0.000000e+00,0.000000e+00,0.000000e+00
09/05/2013 19:00,8.791667,735363.791667,128.791667,4.178356e+01,4.134342e+01,4.453464e-01,6.418223e+04,0.000000e+00,0.000000e+00,0.000000e+00
09/05/2013 20:00,8.833333,735363.833333,128.833333,4.180010e+01,4.135925e+01,4.459739e-01,6.420064e+04,0.000000e+00,0.000000e+00,0.000000e+00
09/05/2013 21:00,8.875000,735363.875000,128.875000,4.181573e+01,4.137383e+01,4.462956e-01,6.421645e+04,0.000000e+00,0.000000e+00,0.000000e+00
09/05/2013 22:00,8.916667,735363.916667,128.916667,4.183018e+01,4.138768e+01,4.464976e-01,6.423084e+04,0.000000e+00,0.000000e+00,0.000000e+00
09/05/2013 23:00,8.958333,735363.958333,128.958333,4.184407e+01,4.140125e+01,4.466459e-01,6.424460e+04,0.000000e+00,0.000000e+00,0.000000e+00
10/05/2013 00:00,9.000000,735364.000000,129.000000,4.185769e+01,4.141465e+01,4.467646e-01,6.425802e+04,0.000000e+00,0.000000e+00,0.000000e+00
