time;date;alpha;direction;sin(alpha);SWmeas;SWmax;kd;tau_atm;tau_cloud;SWcorr;
16977600.000000;14/4/1996 12:00;26.476605;139.624622;0.445832;303.950000;605.157055;0.654419;0.724160;0.693585;303.950000
16981200.000000;14/4/1996 12:59;29.387227;156.051703;0.490710;400.350000;666.055795;0.437106;0.739936;0.812334;400.350000
16984800.000000;14/4/1996 14:00;30.850297;173.081007;0.512797;431.550000;696.018786;0.395850;0.747491;0.829476;431.550000
16988400.000000;14/4/1996 15:00;30.704239;190.308769;0.510607;436.000000;693.029490;0.376498;0.748053;0.841012;436.000000
16992000.000000;14/4/1996 15:59;28.967063;207.253580;0.484307;395.400000;657.317942;0.436094;0.739185;0.813782;395.400000
16995600.000000;14/4/1996 17:00;25.830395;223.544245;0.435709;304.450000;591.344758;0.627804;0.721459;0.713615;304.450000
17064000.000000;15/4/1996 12:00;26.837796;139.598209;0.451466;343.450000;612.453166;0.526900;0.726584;0.771800;343.450000
17067600.000000;15/4/1996 12:59;29.748947;156.062366;0.496201;363.750000;673.123096;0.572212;0.742503;0.727797;363.750000
17071200.000000;15/4/1996 14:00;31.208894;173.136328;0.518160;497.700000;702.895241;0.231850;0.748817;0.945587;497.700000
17074800.000000;15/4/1996 15:00;31.055305;190.409695;0.515865;467.300000;699.765948;0.299244;0.747634;0.893211;467.300000
17078400.000000;15/4/1996 15:59;29.307174;207.393729;0.489492;411.350000;663.974655;0.396923;0.738929;0.838411;411.350000
17082000.000000;15/4/1996 17:00;26.158464;223.712761;0.440855;336.300000;597.987245;0.523305;0.720942;0.780072;336.300000
17150400.000000;16/4/1996 12:00;27.195916;139.570440;0.457035;448.100000;619.653375;0.211389;0.728719;0.992352;448.100000
17154000.000000;16/4/1996 12:59;30.107706;156.071565;0.501627;516.400000;680.096417;0.176044;0.743868;1.020752;516.400000
17157600.000000;16/4/1996 14:00;31.564661;173.190142;0.523460;494.800000;709.680870;0.248341;0.749670;0.930030;494.800000
17161200.000000;16/4/1996 15:00;31.403681;190.509088;0.521064;489.300000;706.415748;0.255672;0.747397;0.926751;489.300000
17164800.000000;16/4/1996 15:59;29.644742;207.532271;0.494621;463.550000;670.549592;0.257888;0.738451;0.936147;463.550000
17168400.000000;16/4/1996 17:00;26.484138;223.879529;0.445950;447.550000;604.553213;0.192001;0.718866;1.029815;447.550000
17236800.000000;17/4/1996 12:00;27.550862;139.541256;0.462536;461.550000;626.756114;0.196004;0.728862;1.010357;461.550000
17240400.000000;17/4/1996 12:59;30.463404;156.079226;0.506988;500.350000;686.974409;0.205059;0.743048;0.980205;500.350000
17244000.000000;17/4/1996 14:00;31.917506;173.242359;0.528698;595.450000;716.374513;0.165000;0.746549;1.113389;595.450000
17247600.000000;17/4/1996 15:00;31.749286;190.606845;0.526203;595.550000;712.977866;0.165000;0.744870;1.121403;595.550000
17251200.000000;17/4/1996 15:59;29.979692;207.669098;0.499693;546.850000;677.041814;0.165000;0.735818;1.097696;546.850000
17254800.000000;17/4/1996 17:00;26.807352;224.044438;0.450992;481.550000;611.041743;0.164771;0.719405;1.095461;481.550000
17323200.000000;18/4/1996 12:00;27.902526;139.510600;0.467969;501.750000;633.759872;0.164581;0.735081;1.077028;501.750000
17326800.000000;18/4/1996 12:59;30.815941;156.085276;0.512282;563.900000;693.755778;0.165000;0.748649;1.085718;563.900000
17330400.000000;18/4/1996 14:00;32.267337;173.292891;0.533870;595.100000;722.975055;0.165000;0.753834;1.091920;595.100000
17334000.000000;18/4/1996 15:00;32.092035;190.702866;0.531281;592.550000;719.451320;0.165000;0.752057;1.095147;592.550000
17337600.000000;18/4/1996 15:59;30.311950;207.804101;0.504708;553.300000;683.450412;0.165000;0.742996;1.089600;553.300000
17341200.000000;18/4/1996 17:00;27.128038;224.207379;0.455980;486.200000;617.451940;0.164836;0.725495;1.085369;486.200000
17409600.000000;19/4/1996 12:00;28.250807;139.478419;0.473332;605.800000;640.663198;0.165000;0.734762;1.286923;605.800000
17413200.000000;19/4/1996 12:59;31.165219;156.089646;0.517508;618.650000;700.439284;0.165000;0.748451;1.180079;618.650000
17416800.000000;19/4/1996 14:00;32.614062;173.341654;0.538978;599.250000;729.481428;0.165000;0.755410;1.087454;599.250000
17420400.000000;19/4/1996 15:00;32.431846;190.797055;0.536296;576.600000;725.835165;0.164631;0.752987;1.054991;576.600000
17424000.000000;19/4/1996 15:59;30.641441;207.937175;0.509664;536.500000;689.774507;0.166868;0.743063;1.046735;536.500000
17427600.000000;19/4/1996 17:00;27.446129;224.368244;0.460914;474.600000;623.782929;0.175031;0.727122;1.046374;474.600000
17496000.000000;20/4/1996 12:00;28.595599;139.444663;0.478624;608.250000;647.464703;0.165000;0.734281;1.279393;608.250000
17499600.000000;20/4/1996 12:59;31.511137;156.092269;0.522664;646.650000;707.023740;0.165000;0.749610;1.220113;646.650000
17503200.000000;20/4/1996 14:00;32.957590;173.388563;0.544018;631.250000;735.892610;0.165000;0.752919;1.139301;631.250000
17506800.000000;20/4/1996 15:00;32.768635;190.889313;0.541248;590.200000;732.128495;0.165000;0.752692;1.071013;590.200000
17510400.000000;20/4/1996 15:59;30.968092;208.068217;0.514561;532.050000;696.013251;0.172841;0.743533;1.028099;532.050000
17514000.000000;20/4/1996 17:00;27.761559;224.526928;0.465793;473.400000;630.033854;0.181935;0.727884;1.032291;473.400000
17582400.000000;21/4/1996 12:00;28.936801;139.409283;0.483845;521.550000;654.163053;0.164868;0.728487;1.094430;521.550000
17586000.000000;21/4/1996 12:59;31.853599;156.093081;0.527751;586.600000;713.508012;0.165000;0.741634;1.108546;586.600000
17589600.000000;21/4/1996 14:00;33.297827;173.433538;0.548991;593.450000;742.207626;0.165195;0.747757;1.069297;593.450000
17593200.000000;21/4/1996 15:00;33.102319;190.979548;0.546136;601.700000;738.330441;0.165000;0.747719;1.089910;601.700000
17596800.000000;21/4/1996 15:59;31.291826;208.197125;0.519397;500.500000;702.165820;0.225121;0.741298;0.961549;500.500000
17600400.000000;21/4/1996 17:00;28.074259;224.683327;0.470616;494.350000;636.203882;0.167112;0.720961;1.077771;494.350000
17665200.000000;22/4/1996 11:00;25.184832;123.535405;0.425540;235.100000;575.030130;0.826620;0.705482;0.579530;235.100000
17668800.000000;22/4/1996 12:00;29.274311;139.372237;0.488991;277.900000;660.756972;0.808018;0.729378;0.576626;277.900000
17672400.000000;22/4/1996 12:59;32.192506;156.092021;0.532766;354.850000;719.891016;0.673787;0.742736;0.663657;354.850000
17676000.000000;22/4/1996 14:00;33.634685;173.476502;0.553896;398.850000;748.425541;0.588647;0.747683;0.712760;398.850000
17679600.000000;22/4/1996 15:00;33.432814;191.067666;0.550959;483.750000;744.440167;0.333977;0.747519;0.869299;483.750000
17683200.000000;22/4/1996 15:59;31.612570;208.323798;0.524173;406.500000;708.231422;0.497411;0.740712;0.774883;406.500000
17686800.000000;22/4/1996 17:00;28.384161;224.837339;0.475381;345.950000;642.292195;0.576124;0.725282;0.742632;345.950000
17751600.000000;23/4/1996 11:00;25.515495;123.472125;0.430755;351.350000;581.758777;0.430796;0.718679;0.840354;351.350000
17755200.000000;23/4/1996 12:00;29.608028;139.333483;0.494064;454.650000;667.245243;0.274703;0.741138;0.919374;454.650000
17758800.000000;23/4/1996 12:59;32.527762;156.089031;0.537708;440.450000;726.171720;0.425110;0.754830;0.803541;440.450000
17762400.000000;23/4/1996 14:00;33.968070;173.517378;0.558731;456.100000;754.545468;0.429642;0.760088;0.795263;456.100000
17766000.000000;23/4/1996 15:00;33.760038;191.153579;0.555716;513.650000;750.456874;0.269399;0.758684;0.902154;513.650000
17769600.000000;23/4/1996 15:59;31.930248;208.448138;0.528886;512.650000;714.209286;0.218319;0.750915;0.955883;512.650000
17773200.000000;23/4/1996 17:00;28.691196;224.988862;0.480089;371.950000;648.297995;0.497930;0.735062;0.780524;371.950000
17838000.000000;24/4/1996 11:00;25.842172;123.407373;0.435894;452.800000;588.378251;0.170123;0.721708;1.066322;452.800000
17841600.000000;24/4/1996 12:00;29.937851;139.292986;0.499060;444.300000;673.626704;0.314853;0.742587;0.888198;444.300000
17845200.000000;24/4/1996 12:59;32.859269;156.084058;0.542577;571.900000;732.349142;0.165994;0.755973;1.032988;571.900000
17848800.000000;24/4/1996 14:00;34.297893;173.556094;0.563496;557.100000;760.566558;0.200290;0.761646;0.961706;557.100000
17852400.000000;24/4/1996 15:00;34.083907;191.237199;0.560406;566.300000;756.379797;0.184187;0.760020;0.985103;566.300000
17856000.000000;24/4/1996 15:59;32.244784;208.570048;0.533538;479.350000;720.098671;0.303218;0.751188;0.886160;479.350000
17859600.000000;24/4/1996 17:00;28.995297;225.137800;0.484738;372.500000;654.220501;0.507668;0.736268;0.773332;372.500000
17924400.000000;25/4/1996 11:00;26.164761;123.341132;0.440954;335.950000;594.887241;0.518070;0.719107;0.785320;335.950000
17928000.000000;25/4/1996 12:00;30.263681;139.250713;0.503980;379.050000;679.900249;0.534200;0.742276;0.751079;379.050000
17931600.000000;25/4/1996 12:59;33.186932;156.077051;0.547372;486.450000;738.422349;0.316388;0.754523;0.873094;486.450000
17935200.000000;25/4/1996 14:00;34.624063;173.592581;0.568189;467.750000;766.488007;0.416997;0.760042;0.802917;467.750000
17938800.000000;25/4/1996 15:00;34.404339;191.318440;0.565029;519.500000;762.208203;0.274374;0.758923;0.898078;519.500000
17942400.000000;25/4/1996 15:59;32.556104;208.689436;0.538125;470.400000;725.898857;0.337564;0.752057;0.861669;470.400000
17946000.000000;25/4/1996 17:00;29.296392;225.284056;0.489328;442.650000;660.058948;0.294006;0.736680;0.910329;442.650000
18010800.000000;26/4/1996 11:00;26.483164;123.273386;0.445935;373.900000;601.284494;0.391974;0.718863;0.865027;373.900000
18014400.000000;26/4/1996 12:00;30.585420;139.206634;0.508822;535.900000;686.064828;0.165943;0.741668;1.053195;535.900000
18018000.000000;26/4/1996 12:59;33.510655;156.067962;0.552092;552.000000;744.390458;0.190767;0.752565;0.985358;552.000000
18021600.000000;26/4/1996 14:00;34.946491;173.626771;0.572811;577.850000;772.309050;0.184608;0.758063;0.987003;577.850000
18025200.000000;26/4/1996 15:00;34.721249;191.397222;0.569584;627.800000;767.941393;0.165000;0.757068;1.079838;627.800000
18028800.000000;26/4/1996 15:59;32.864131;208.806210;0.542649;592.900000;731.609150;0.165000;0.748891;1.082141;592.900000
18032400.000000;26/4/1996 17:00;29.594414;225.427535;0.493857;426.650000;665.812587;0.352222;0.733980;0.873043;426.650000
18036000.000000;26/4/1996 18:00;25.248937;241.107557;0.426552;324.750000;575.059804;0.518081;0.708893;0.796627;324.750000
18097200.000000;27/4/1996 11:00;26.797281;123.204123;0.450835;338.950000;607.568816;0.533372;0.719809;0.775037;338.950000
18100800.000000;27/4/1996 12:00;30.902971;139.160725;0.513586;431.200000;692.119444;0.389456;0.742625;0.838935;431.200000
18104400.000000;27/4/1996 12:59;33.830344;156.056749;0.556736;518.100000;750.252632;0.259094;0.754074;0.915782;518.100000
18108000.000000;27/4/1996 14:00;35.265085;173.658604;0.577360;551.400000;778.028963;0.230918;0.759276;0.933408;551.400000
18111600.000000;27/4/1996 15:00;35.034556;191.473464;0.574070;530.400000;773.578698;0.267357;0.757307;0.905372;530.400000
18115200.000000;27/4/1996 15:59;33.168789;208.920280;0.547107;493.150000;737.228879;0.297144;0.748512;0.893672;493.150000
18118800.000000;27/4/1996 17:00;29.889291;225.568146;0.498326;443.400000;671.480685;0.313376;0.731984;0.902112;443.400000
18122400.000000;27/4/1996 18:00;25.535295;241.263119;0.431067;420.600000;580.838607;0.210166;0.706506;1.024939;420.600000
18183600.000000;28/4/1996 11:00;27.107016;123.133337;0.455654;362.850000;613.739075;0.458935;0.716501;0.825138;362.850000
18187200.000000;28/4/1996 12:00;31.216236;139.112966;0.518269;431.000000;698.063155;0.401451;0.736088;0.838789;431.000000
18190800.000000;28/4/1996 12:59;34.145903;156.043372;0.561302;500.600000;756.008080;0.309870;0.748059;0.885174;500.600000
18194400.000000;28/4/1996 14:00;35.579756;173.688017;0.581836;564.650000;783.647059;0.214709;0.749551;0.961297;564.650000
18198000.000000;28/4/1996 15:00;35.344174;191.547089;0.578487;562.800000;779.119480;0.212389;0.751237;0.961553;562.800000
18201600.000000;28/4/1996 15:59;33.470003;209.031560;0.551500;522.750000;742.757394;0.238178;0.745710;0.943793;522.750000
18205200.000000;28/4/1996 17:00;30.180953;225.705800;0.502733;496.600000;677.062523;0.199197;0.728415;1.006929;496.600000
18208800.000000;28/4/1996 18:00;25.818634;241.415572;0.435524;437.550000;586.535403;0.186578;0.704332;1.059147;437.550000
18270000.000000;29/4/1996 11:00;27.412273;123.061026;0.460390;468.250000;619.794194;0.178741;0.708764;1.065930;468.250000
18273600.000000;29/4/1996 12:00;31.525121;139.063340;0.522872;629.700000;703.895072;0.165000;0.731675;1.222665;629.700000
18277200.000000;29/4/1996 12:59;34.457240;156.027795;0.565791;671.700000;761.656060;0.165000;0.745652;1.182716;671.700000
18280800.000000;29/4/1996 14:00;35.890416;173.714956;0.586237;644.800000;789.162690;0.165000;0.751599;1.087107;644.800000
18284400.000000;29/4/1996 15:00;35.650023;191.618025;0.582833;628.450000;784.563131;0.165000;0.752321;1.064731;628.450000
18288000.000000;29/4/1996 15:59;33.767694;209.139966;0.555827;593.650000;748.194067;0.164594;0.744968;1.065071;593.650000
18291600.000000;29/4/1996 17:00;30.469328;225.840410;0.507077;502.100000;682.557395;0.196852;0.728340;1.009989;502.100000
18295200.000000;29/4/1996 18:00;26.098888;241.564833;0.439922;442.150000;592.149355;0.185951;0.703266;1.061741;442.150000
18356400.000000;30/4/1996 11:00;27.712958;122.987190;0.465042;304.100000;625.733156;0.687905;0.715294;0.679427;304.100000
18360000.000000;30/4/1996 12:00;31.829531;139.011834;0.527394;370.000000;709.614357;0.613690;0.735092;0.709313;370.000000
18363600.000000;30/4/1996 12:59;34.764262;156.009987;0.570201;413.700000;767.195873;0.574760;0.746562;0.722293;413.700000
18367200.000000;30/4/1996 14:00;36.196974;173.739368;0.590563;435.400000;794.575247;0.555443;0.751759;0.728912;435.400000
18370800.000000;30/4/1996 15:00;35.952018;191.686201;0.587108;427.800000;789.909072;0.569584;0.750269;0.721850;427.800000
18374400.000000;30/4/1996 15:59;34.061788;209.245416;0.560087;405.150000;753.538292;0.578226;0.742884;0.723751;405.150000
18378000.000000;30/4/1996 17:00;30.754345;225.971891;0.511358;352.250000;687.964612;0.633834;0.728690;0.702655;352.250000
18381600.000000;30/4/1996 18:00;26.375986;241.710819;0.444260;284.050000;597.679639;0.709311;0.705525;0.673619;284.050000
18442800.000000;1/5/1996 11:00;28.008978;122.911835;0.469610;237.100000;631.555000;0.874023;0.714089;0.525737;237.100000
18446400.000000;1/5/1996 12:00;32.129372;138.958442;0.531833;326.250000;715.220224;0.745877;0.735173;0.620470;326.250000
18450000.000000;1/5/1996 12:59;35.066877;155.989922;0.574532;401.050000;772.626865;0.618728;0.747784;0.694149;401.050000
18453600.000000;1/5/1996 14:00;36.499344;173.761204;0.594814;443.350000;799.884155;0.541425;0.753804;0.735294;443.350000
18457200.000000;1/5/1996 15:00;36.250077;191.751550;0.591311;481.100000;795.156751;0.428395;0.752397;0.804147;481.100000
18460800.000000;1/5/1996 15:59;34.352206;209.347833;0.564279;480.450000;758.789482;0.367982;0.745440;0.849404;480.450000
18464400.000000;1/5/1996 17:00;31.035933;226.100163;0.515576;422.700000;693.283494;0.418182;0.731124;0.833932;422.700000
18468000.000000;1/5/1996 18:00;26.649860;241.853452;0.448537;367.450000;603.125435;0.419195;0.708313;0.860133;367.450000
18529200.000000;2/5/1996 11:00;28.300242;122.834971;0.474092;281.000000;637.258820;0.773439;0.725944;0.607418;281.000000
18532800.000000;2/5/1996 12:00;32.424554;138.903159;0.536189;377.600000;720.711936;0.608246;0.746079;0.702240;377.600000
18536400.000000;2/5/1996 12:59;35.364993;155.967575;0.578783;508.600000;777.948424;0.326141;0.757366;0.863217;508.600000
18540000.000000;2/5/1996 14:00;36.797436;173.780419;0.598988;524.350000;805.088877;0.331037;0.762723;0.853907;524.350000
18543600.000000;2/5/1996 15:00;36.544116;191.814008;0.595442;596.100000;800.305646;0.187631;0.762068;0.977394;596.100000
18547200.000000;2/5/1996 15:59;34.638872;209.447140;0.568402;612.050000;763.947071;0.165000;0.755567;1.060354;612.050000
18550800.000000;2/5/1996 17:00;31.314018;226.225145;0.519728;503.000000;698.513378;0.215279;0.741042;0.971740;503.000000
18554400.000000;2/5/1996 18:00;26.920440;241.992655;0.452753;447.950000;608.485930;0.196258;0.718058;1.025225;447.950000
18615600.000000;3/5/1996 11:00;28.586658;122.756614;0.478487;450.700000;642.843767;0.242276;0.734299;0.954793;450.700000
18619200.000000;3/5/1996 12:00;32.714984;138.845987;0.540460;543.400000;726.088807;0.184450;0.753577;0.993121;543.400000
18622800.000000;3/5/1996 12:59;35.658521;155.942929;0.582953;605.300000;783.159982;0.168644;0.764646;1.010788;605.300000
18626400.000000;3/5/1996 14:00;37.091163;173.796972;0.603085;593.350000;810.188906;0.200425;0.769937;0.951195;593.350000
18630000.000000;3/5/1996 15:00;36.834052;191.873513;0.599499;590.550000;805.355260;0.199400;0.767565;0.955332;590.550000
18633600.000000;3/5/1996 15:59;34.921709;209.543266;0.572457;654.700000;769.010511;0.165000;0.760606;1.119309;654.700000
18637200.000000;3/5/1996 17:00;31.588528;226.346761;0.523815;574.950000;703.653609;0.165000;0.747442;1.093186;574.950000
18640800.000000;3/5/1996 18:00;27.187656;242.128355;0.456906;518.500000;613.760321;0.165000;0.725681;1.164138;518.500000
18702000.000000;4/5/1996 11:00;28.868140;122.676782;0.482795;408.500000;648.309045;0.374437;0.735691;0.856474;408.500000
18705600.000000;4/5/1996 12:00;33.000574;138.786932;0.544647;473.350000;731.350198;0.339164;0.756046;0.856069;473.350000
18709200.000000;4/5/1996 12:59;35.947370;155.915970;0.587042;557.800000;788.261011;0.232488;0.765084;0.924910;557.800000
18712800.000000;4/5/1996 14:00;37.380437;173.810826;0.607105;619.950000;815.183775;0.175250;0.769033;0.988908;619.950000
18716400.000000;4/5/1996 15:00;37.119804;191.930011;0.603484;644.650000;810.305122;0.164704;0.769445;1.033946;644.650000
18720000.000000;4/5/1996 15:59;35.200638;209.636140;0.576441;637.400000;773.979274;0.165000;0.762466;1.080096;637.400000
18723600.000000;4/5/1996 17:00;31.859389;226.464938;0.527836;610.400000;708.703549;0.165000;0.750026;1.148349;610.400000
18727200.000000;4/5/1996 18:00;27.451436;242.260481;0.460997;552.450000;618.947810;0.165000;0.727395;1.227069;552.450000
18788400.000000;5/5/1996 11:00;29.144600;122.595499;0.487015;471.400000;653.653913;0.213890;0.738813;0.976129;471.400000
18792000.000000;5/5/1996 12:00;33.281235;138.726005;0.548749;593.100000;736.495520;0.165000;0.757843;1.062622;593.100000
18795600.000000;5/5/1996 12:59;36.231452;155.886688;0.591049;692.400000;793.251026;0.165000;0.769671;1.134074;692.400000
18799200.000000;5/5/1996 14:00;37.665173;173.821949;0.611046;751.500000;820.073045;0.165000;0.772868;1.185690;751.500000
18802800.000000;5/5/1996 15:00;37.401288;191.983446;0.607394;727.500000;815.154786;0.165000;0.769743;1.159437;727.500000
18806400.000000;5/5/1996 15:59;35.475583;209.725697;0.580356;686.300000;778.852848;0.165000;0.762532;1.155581;686.300000
18810000.000000;5/5/1996 17:00;32.126529;226.579606;0.531791;636.000000;713.662566;0.165000;0.749739;1.188650;636.000000
18813600.000000;5/5/1996 18:00;27.711709;242.388964;0.465023;553.230000;624.047604;0.165000;0.724176;1.224177;553.230000
18874800.000000;6/5/1996 11:00;29.415952;122.512792;0.491146;535.150000;658.877680;0.165000;0.743170;1.092905;535.150000
18878400.000000;6/5/1996 12:00;33.556879;138.663219;0.552765;616.600000;741.524227;0.165000;0.758777;1.095882;616.600000
18882000.000000;6/5/1996 12:59;36.510680;155.855079;0.594973;638.200000;798.129578;0.165203;0.770844;1.037330;638.200000
18885600.000000;6/5/1996 14:00;37.945284;173.830312;0.614909;647.000000;824.856311;0.165264;0.773116;1.014568;647.000000
18889200.000000;6/5/1996 15:00;37.678422;192.033770;0.611229;654.650000;819.903831;0.165019;0.772063;1.034174;654.650000
18892800.000000;6/5/1996 15:59;35.746465;209.811874;0.584200;646.750000;783.630739;0.165000;0.764208;1.079974;646.750000
18896400.000000;6/5/1996 17:00;32.389872;226.690697;0.535678;606.150000;718.530046;0.165000;0.749832;1.125048;606.150000
18900000.000000;6/5/1996 18:00;27.968403;242.513738;0.468985;540.250000;629.058921;0.165000;0.728685;1.178592;540.250000
18961200.000000;7/5/1996 11:00;29.682114;122.428694;0.495187;517.650000;663.979710;0.166332;0.742362;1.050185;517.650000
18964800.000000;7/5/1996 12:00;33.827422;138.598597;0.556693;624.950000;746.435822;0.165000;0.760722;1.100593;624.950000
18968400.000000;7/5/1996 12:59;36.784967;155.821142;0.598813;648.400000;802.896259;0.165000;0.769784;1.049094;648.400000
18972000.000000;7/5/1996 14:00;38.220685;173.835892;0.618692;647.550000;829.533200;0.166067;0.774885;1.007401;647.550000
18975600.000000;7/5/1996 15:00;37.951124;192.080938;0.614989;656.400000;824.551861;0.164745;0.774745;1.027524;656.400000
18979200.000000;7/5/1996 15:59;36.013206;209.894610;0.587972;651.700000;788.312472;0.165000;0.765829;1.079487;651.700000
18982800.000000;7/5/1996 17:00;32.649346;226.798146;0.539496;619.600000;723.305379;0.165000;0.748840;1.143934;619.600000
18986400.000000;7/5/1996 18:00;28.221446;242.634743;0.472881;557.050000;633.980982;0.165000;0.728087;1.206798;557.050000
19047600.000000;8/5/1996 11:00;29.943004;122.343241;0.499138;442.400000;668.959414;0.311469;0.737796;0.896353;442.400000
19051200.000000;8/5/1996 12:00;34.092780;138.532161;0.560535;540.000000;751.229850;0.216951;0.753504;0.953971;540.000000
19054800.000000;8/5/1996 12:59;37.054227;155.784882;0.602571;620.050000;807.550698;0.170993;0.762450;1.007037;620.050000
19058400.000000;8/5/1996 14:00;38.491290;173.838668;0.622396;672.300000;834.103366;0.165000;0.766170;1.052006;672.300000
19062000.000000;8/5/1996 15:00;38.219312;192.124906;0.618673;696.100000;829.098499;0.165000;0.765274;1.097106;696.100000
19065600.000000;8/5/1996 15:59;36.275729;209.973851;0.591672;691.050000;792.897586;0.165000;0.758396;1.149201;691.050000
19069200.000000;8/5/1996 17:00;32.904875;226.901892;0.543246;651.800000;727.987973;0.165000;0.745516;1.200972;651.800000
19072800.000000;8/5/1996 18:00;28.470764;242.751917;0.476710;577.850000;638.813017;0.165000;0.724328;1.248838;577.850000
19130400.000000;9/5/1996 9:59;25.247952;107.081323;0.426536;283.400000;571.399446;0.667499;0.703360;0.705152;283.400000
19134000.000000;9/5/1996 11:00;30.198541;122.256475;0.502998;403.350000;673.816255;0.442556;0.731581;0.818235;403.350000
19137600.000000;9/5/1996 12:00;34.352869;138.463941;0.564288;461.500000;755.905902;0.416398;0.746539;0.817808;461.500000
19141200.000000;9/5/1996 12:59;37.318377;155.746309;0.606244;585.100000;812.092560;0.214782;0.757795;0.950764;585.100000
19144800.000000;9/5/1996 14:00;38.757016;173.838626;0.626019;650.000000;838.566496;0.167772;0.763736;1.014922;650.000000
19148400.000000;9/5/1996 15:00;38.482905;192.165638;0.622281;720.050000;833.543396;0.165000;0.759513;1.137363;720.050000
19152000.000000;9/5/1996 15:59;36.533956;210.049543;0.595299;534.850000;797.385636;0.293762;0.752104;0.891837;534.850000
19155600.000000;9/5/1996 17:00;33.156384;227.001877;0.546926;528.350000;732.577241;0.213833;0.736756;0.978914;528.350000
19159200.000000;9/5/1996 18:00;28.716284;242.865205;0.480473;603.650000;643.554262;0.165000;0.718200;1.306034;603.650000
19216800.000000;10/5/1996 9:59;25.494643;106.984969;0.430427;202.750000;576.344073;0.902297;0.696419;0.505136;202.750000
19220400.000000;10/5/1996 11:00;30.448648;122.168442;0.506766;245.500000;678.549745;0.890860;0.726604;0.497934;245.500000
19224000.000000;10/5/1996 12:00;34.607610;138.393972;0.567953;337.000000;760.463608;0.769540;0.744822;0.594975;337.000000
19227600.000000;10/5/1996 12:59;37.577333;155.705437;0.609832;389.250000;816.521548;0.706428;0.755017;0.631399;389.250000
19231200.000000;10/5/1996 14:00;39.017780;173.835754;0.629562;454.100000;842.922304;0.575896;0.756749;0.711888;454.100000
19234800.000000;10/5/1996 15:00;38.741821;192.203101;0.625812;515.100000;837.886219;0.407200;0.752020;0.817480;515.100000
19238400.000000;10/5/1996 15:59;36.787810;210.121637;0.598853;459.950000;801.776194;0.498085;0.742789;0.772311;459.950000
19242000.000000;10/5/1996 17:00;33.403799;227.098046;0.550536;408.250000;737.072609;0.542288;0.728158;0.760660;408.250000
19245600.000000;10/5/1996 18:00;28.957933;242.974553;0.484167;367.100000;648.203961;0.514480;0.706711;0.801366;367.100000
19303200.000000;11/5/1996 9:59;25.735803;106.887758;0.434222;153.300000;581.160553;0.968458;0.688293;0.383242;153.300000
19306800.000000;11/5/1996 11:00;30.693248;122.079191;0.510442;262.000000;683.159442;0.863334;0.715601;0.535930;262.000000
19310400.000000;11/5/1996 12:00;34.856922;138.322293;0.571529;329.450000;764.902642;0.791174;0.734454;0.586434;329.450000
19314000.000000;11/5/1996 12:59;37.831013;155.662286;0.613335;395.250000;820.837395;0.696887;0.745494;0.645908;395.250000
19317600.000000;11/5/1996 14:00;39.273498;173.830048;0.633023;430.750000;847.170530;0.641392;0.749652;0.678258;430.750000
19321200.000000;11/5/1996 15:00;38.995979;192.237264;0.629266;431.950000;842.126660;0.631896;0.750188;0.683732;431.950000
19324800.000000;11/5/1996 15:59;37.037211;210.190089;0.602334;498.900000;806.068846;0.398206;0.743888;0.832020;498.900000
19328400.000000;11/5/1996 17:00;33.647044;227.190348;0.554075;440.200000;741.473514;0.453451;0.729389;0.813945;440.200000
19332000.000000;11/5/1996 18:00;29.195637;243.079911;0.487793;364.350000;652.761362;0.532729;0.709424;0.786789;364.350000
19389600.000000;12/5/1996 9:59;25.971361;106.789745;0.437922;211.800000;585.848337;0.891183;0.698256;0.517757;211.800000
19393200.000000;12/5/1996 11:00;30.932267;121.988777;0.514024;264.400000;687.644951;0.861993;0.724814;0.530482;264.400000
19396800.000000;12/5/1996 12:00;35.100729;138.248947;0.575016;377.200000;769.222718;0.679020;0.742027;0.660845;377.200000
19400400.000000;12/5/1996 12:59;38.079336;155.616879;0.616752;432.300000;825.039873;0.608141;0.752494;0.696318;432.300000
19404000.000000;12/5/1996 14:00;39.524090;173.821507;0.636403;468.400000;851.310944;0.550456;0.757377;0.726468;468.400000
19407600.000000;12/5/1996 15:00;39.245300;192.268102;0.632642;505.500000;846.264429;0.445372;0.756853;0.789230;505.500000
19411200.000000;12/5/1996 15:59;37.282082;210.254857;0.605740;468.350000;810.263192;0.488340;0.748920;0.771808;468.350000
19414800.000000;12/5/1996 17:00;33.886044;227.278734;0.557543;439.200000;745.779400;0.464044;0.735865;0.800301;439.200000
19418400.000000;12/5/1996 18:00;29.429320;243.181231;0.491350;376.500000;657.225724;0.499877;0.713510;0.802879;376.500000
19476000.000000;13/5/1996 9:59;26.201246;106.690993;0.441525;247.600000;590.406926;0.809976;0.703795;0.595872;247.600000
19479600.000000;13/5/1996 11:00;31.165634;121.897259;0.517514;364.400000;692.005922;0.602474;0.730422;0.720933;364.400000
19483200.000000;13/5/1996 12:00;35.338954;138.173982;0.578412;405.250000;773.423588;0.608153;0.746755;0.701661;405.250000
19486800.000000;13/5/1996 12:59;38.322225;155.569246;0.620083;580.600000;829.128781;0.243588;0.755839;0.926458;580.600000
19490400.000000;13/5/1996 14:00;39.769474;173.810133;0.639700;606.400000;855.343339;0.230570;0.758331;0.934888;606.400000
19494000.000000;13/5/1996 15:00;39.489702;192.295596;0.635940;673.900000;850.299256;0.164579;0.756281;1.047950;673.900000
19497600.000000;13/5/1996 15:59;37.522347;210.315903;0.609071;516.450000;814.358848;0.365895;0.748574;0.847184;516.450000
19501200.000000;13/5/1996 17:00;34.120724;227.363160;0.560938;479.250000;749.989725;0.355892;0.730680;0.874540;479.250000
19504800.000000;13/5/1996 18:00;29.658909;243.278470;0.494836;450.800000;661.596311;0.274706;0.713812;0.954569;450.800000
19562400.000000;14/5/1996 9:59;26.425391;106.591567;0.445032;228.900000;594.835870;0.861569;0.700444;0.549383;228.900000
19566000.000000;14/5/1996 11:00;31.393278;121.804699;0.520909;289.000000;696.242050;0.816851;0.727266;0.570748;289.000000
19569600.000000;14/5/1996 12:00;35.571523;138.097451;0.581719;394.100000;777.505044;0.644729;0.745335;0.680067;394.100000
19573200.000000;14/5/1996 12:59;38.559600;155.519421;0.623328;476.350000;833.103955;0.502304;0.755335;0.756985;476.350000
19576800.000000;14/5/1996 14:00;40.009571;173.795936;0.642916;492.500000;859.267534;0.499206;0.761064;0.753107;492.500000
19580400.000000;14/5/1996 15:00;39.729108;192.319727;0.639159;484.500000;854.230890;0.512595;0.759796;0.746486;484.500000
19584000.000000;14/5/1996 15:59;37.757927;210.373194;0.612327;529.800000;818.355441;0.338825;0.753740;0.858912;529.800000
19587600.000000;14/5/1996 17:00;34.351008;227.443585;0.564261;467.200000;754.103952;0.396887;0.741986;0.834980;467.200000
19591200.000000;14/5/1996 18:00;29.884329;243.371587;0.498251;399.100000;665.872393;0.440881;0.721542;0.830671;399.100000
19648800.000000;15/5/1996 9:59;26.643732;106.491534;0.448441;261.400000;599.134770;0.781585;0.705321;0.618578;261.400000
19652400.000000;15/5/1996 11:00;31.615131;121.711164;0.524211;379.600000;700.353072;0.568632;0.726817;0.745734;379.600000
19656000.000000;15/5/1996 12:00;35.798364;138.019413;0.584935;435.350000;781.466913;0.535125;0.742021;0.750778;435.350000
19659600.000000;15/5/1996 12:59;38.791386;155.467443;0.626487;528.200000;836.965256;0.372359;0.752740;0.838390;528.200000
19663200.000000;15/5/1996 14:00;40.244303;173.778929;0.646048;572.100000;863.083372;0.308548;0.759006;0.873321;572.100000
19666800.000000;15/5/1996 15:00;39.963438;192.340486;0.642299;654.350000;858.059099;0.173931;0.759553;1.004002;654.350000
19670400.000000;15/5/1996 15:59;37.988745;210.426700;0.615507;671.600000;822.252613;0.165000;0.756804;1.079250;671.600000
19674000.000000;15/5/1996 17:00;34.576821;227.519971;0.567511;637.550000;758.121557;0.165000;0.744096;1.130177;637.550000
19677600.000000;15/5/1996 18:00;30.105505;243.460544;0.501594;579.100000;670.053250;0.165000;0.724898;1.192250;579.100000
19735200.000000;16/5/1996 9:59;26.856205;106.390968;0.451753;219.850000;603.303272;0.887748;0.702914;0.518428;219.850000
19738800.000000;16/5/1996 11:00;31.831127;121.616725;0.527417;334.550000;704.338769;0.709842;0.729813;0.650830;334.550000
19742400.000000;16/5/1996 12:00;36.019408;137.939929;0.588059;444.650000;785.309059;0.514757;0.746742;0.758241;444.650000
19746000.000000;16/5/1996 12:59;39.017508;155.413356;0.629558;525.200000;840.712579;0.385846;0.757812;0.824358;525.200000
19749600.000000;16/5/1996 14:00;40.473591;173.759131;0.649097;551.600000;866.790719;0.361342;0.763050;0.833983;551.600000
19753200.000000;16/5/1996 15:00;40.192613;192.357864;0.645359;493.550000;861.783666;0.500224;0.760873;0.752698;493.550000
19756800.000000;16/5/1996 15:59;38.214726;210.476396;0.618610;487.800000;826.050018;0.460470;0.755293;0.781844;487.800000
19760400.000000;16/5/1996 17:00;34.798087;227.592285;0.570686;503.250000;762.042024;0.313251;0.743426;0.888315;503.250000
19764000.000000;16/5/1996 18:00;30.322363;243.545307;0.504865;483.800000;674.138167;0.218492;0.725513;0.989172;483.800000
19767600.000000;16/5/1996 18:59;25.191353;258.466428;0.425643;433.750000;568.344526;0.173574;0.697339;1.094420;433.750000
19821600.000000;17/5/1996 9:59;27.062751;106.289944;0.454966;197.250000;607.341068;0.929128;0.711301;0.456595;197.250000
19825200.000000;17/5/1996 11:00;32.041203;121.521457;0.530529;276.250000;708.198959;0.854292;0.736203;0.529846;276.250000
19828800.000000;17/5/1996 12:00;36.234586;137.859066;0.591093;388.550000;789.031379;0.674777;0.751679;0.655119;388.550000
19832400.000000;17/5/1996 12:59;39.237892;155.357208;0.632542;454.000000;844.345845;0.578158;0.760814;0.706735;454.000000
19836000.000000;17/5/1996 14:00;40.697359;173.736564;0.652063;553.900000;870.389463;0.361319;0.765718;0.831091;553.900000
19839600.000000;17/5/1996 15:00;40.416558;192.371859;0.648340;492.450000;865.404394;0.508427;0.764900;0.743941;492.450000
19843200.000000;17/5/1996 15:59;38.435791;210.522260;0.621637;634.550000;829.747323;0.172654;0.757709;1.009293;634.550000
19846800.000000;17/5/1996 17:00;35.014731;227.660496;0.573787;564.400000;765.864846;0.195440;0.747223;0.986245;564.400000
19850400.000000;17/5/1996 18:00;30.534826;243.625846;0.508062;452.400000;678.126439;0.300481;0.727808;0.916633;452.400000
19854000.000000;17/5/1996 18:59;25.401090;258.551195;0.428952;460.200000;572.526441;0.165000;0.698813;1.150244;460.200000
19908000.000000;18/5/1996 9:59;27.263310;106.188541;0.458080;263.700000;611.247897;0.789977;0.711697;0.606174;263.700000
19911600.000000;18/5/1996 11:00;32.245298;121.425440;0.533545;359.250000;711.933504;0.649501;0.736978;0.684704;359.250000
19915200.000000;18/5/1996 12:00;36.443832;137.776895;0.594034;502.300000;792.633807;0.366875;0.753599;0.840912;502.300000
19918800.000000;18/5/1996 12:59;39.452469;155.299053;0.635438;633.600000;847.865001;0.185416;0.762426;0.980145;633.600000
19922400.000000;18/5/1996 14:00;40.915532;173.711257;0.654946;656.200000;873.879514;0.182330;0.765925;0.980389;656.200000
19926000.000000;18/5/1996 15:00;40.635196;192.382473;0.651240;677.200000;868.921098;0.166404;0.765073;1.018671;677.200000
19929600.000000;18/5/1996 15:59;38.651866;210.564275;0.624587;661.600000;833.344206;0.164610;0.760081;1.044507;661.600000
19933200.000000;18/5/1996 17:00;35.226679;227.724578;0.576813;613.100000;769.589526;0.164801;0.748634;1.064150;613.100000
19936800.000000;18/5/1996 18:00;30.742821;243.702134;0.511185;551.950000;682.017367;0.165000;0.729869;1.108816;551.950000
19940400.000000;18/5/1996 18:59;25.606496;258.631702;0.432188;474.100000;576.610271;0.165000;0.701300;1.172421;474.100000
19994400.000000;19/5/1996 9:59;27.457829;106.086840;0.461096;360.950000;615.023541;0.468554;0.717320;0.818168;360.950000
19998000.000000;19/5/1996 11:00;32.443353;121.328755;0.536466;414.850000;715.542301;0.484434;0.739555;0.783945;414.850000
20001600.000000;19/5/1996 12:00;36.647083;137.693492;0.596884;443.200000;796.116304;0.535997;0.754400;0.737940;443.200000
20005200.000000;19/5/1996 12:59;39.661168;155.238951;0.638246;506.800000;851.270024;0.449765;0.763063;0.780205;506.800000
20008800.000000;19/5/1996 14:00;41.128037;173.683244;0.657744;615.700000;877.260802;0.241141;0.763971;0.918679;615.700000
20012400.000000;19/5/1996 15:00;40.848450;192.389712;0.654060;614.200000;872.333612;0.237739;0.761039;0.925168;614.200000
20016000.000000;19/5/1996 15:59;38.862875;210.602429;0.627459;537.150000;836.840356;0.350007;0.753913;0.851396;537.150000
20019600.000000;19/5/1996 17:00;35.433855;227.784510;0.579763;444.550000;773.215574;0.495238;0.739747;0.777208;444.550000
20023200.000000;19/5/1996 18:00;30.946273;243.774147;0.514234;375.900000;685.810259;0.555121;0.721219;0.759979;375.900000
20026800.000000;19/5/1996 18:59;25.807495;258.707929;0.435349;409.050000;580.595113;0.237068;0.693729;1.015577;409.050000
20080800.000000;20/5/1996 9:59;27.646253;105.984927;0.464011;233.800000;618.667825;0.870792;0.709269;0.532815;233.800000
20084400.000000;20/5/1996 11:00;32.635311;121.231488;0.539290;364.950000;719.025287;0.643284;0.732522;0.692897;364.950000
20088000.000000;20/5/1996 12:00;36.844275;137.608937;0.599642;433.000000;799.478868;0.569537;0.748632;0.723457;433.000000
20091600.000000;20/5/1996 12:59;39.863922;155.176963;0.640966;453.050000;854.560912;0.594692;0.757988;0.699424;453.050000
20095200.000000;20/5/1996 14:00;41.334801;173.652561;0.660458;489.400000;880.533275;0.538011;0.762155;0.729247;489.400000
20098800.000000;20/5/1996 15:00;41.056246;192.393589;0.656800;518.300000;875.641783;0.457387;0.760732;0.778078;518.300000
20102400.000000;20/5/1996 15:59;39.068743;210.636713;0.630252;513.900000;840.235474;0.414029;0.753444;0.811758;513.900000
20106000.000000;20/5/1996 17:00;35.636185;227.840272;0.582636;499.800000;776.742510;0.346791;0.742017;0.867172;499.800000
20109600.000000;20/5/1996 18:00;31.145107;243.841864;0.517207;455.200000;689.504433;0.313659;0.722290;0.914015;455.200000
20113200.000000;20/5/1996 18:59;26.004013;258.779858;0.438434;414.750000;584.480074;0.229634;0.692500;1.024701;414.750000
20167200.000000;21/5/1996 9:59;27.828533;105.882891;0.466827;194.500000;622.180615;0.939298;0.704572;0.443688;194.500000
20170800.000000;21/5/1996 11:00;32.821118;121.133729;0.542018;304.650000;722.382432;0.806139;0.728945;0.578547;304.650000
20174400.000000;21/5/1996 12:00;37.035351;137.523313;0.602308;380.900000;802.721523;0.710772;0.745474;0.636522;380.900000
20178000.000000;21/5/1996 12:59;40.060665;155.113159;0.643598;450.750000;857.737690;0.604809;0.755425;0.695649;450.750000
20181600.000000;21/5/1996 14:00;41.535752;173.619253;0.663087;482.400000;883.696902;0.560051;0.759739;0.718521;482.400000
20185200.000000;21/5/1996 15:00;41.258511;192.394119;0.659457;520.550000;878.845473;0.456494;0.758422;0.780978;520.550000
20188800.000000;21/5/1996 15:59;39.269396;210.667123;0.632967;551.950000;843.529271;0.325034;0.752159;0.869941;551.950000
20192400.000000;21/5/1996 17:00;35.833595;227.891850;0.585433;541.100000;780.169862;0.254183;0.740637;0.936447;541.100000
20196000.000000;21/5/1996 18:00;31.339248;243.905270;0.520104;554.900000;693.099214;0.165000;0.721807;1.109170;554.900000
20199600.000000;21/5/1996 18:59;26.195973;258.847478;0.441443;487.400000;588.264269;0.165000;0.695449;1.191374;487.400000
20253600.000000;22/5/1996 9:59;28.004619;105.780821;0.469543;340.050000;625.561819;0.565140;0.706882;0.768999;340.050000
20257200.000000;22/5/1996 11:00;33.000724;121.035572;0.544650;441.700000;725.613743;0.420323;0.728902;0.835128;441.700000
20260800.000000;22/5/1996 12:00;37.220252;137.436708;0.604881;538.300000;805.844323;0.298871;0.745929;0.895521;538.300000
20264400.000000;22/5/1996 12:59;40.251333;155.047610;0.646142;610.600000;860.800405;0.230016;0.754817;0.939751;610.600000
20268000.000000;22/5/1996 14:00;41.730823;173.583368;0.665632;663.050000;886.751669;0.185028;0.762598;0.980503;663.050000
20271600.000000;22/5/1996 15:00;41.455172;192.391323;0.662034;698.450000;881.944554;0.164579;0.761332;1.040207;698.450000
20275200.000000;22/5/1996 15:59;39.464760;210.693659;0.635604;679.150000;846.721469;0.165000;0.757754;1.058515;679.150000
20278800.000000;22/5/1996 17:00;36.026011;227.939233;0.588152;652.450000;783.497167;0.165000;0.744984;1.117797;652.450000
20282400.000000;22/5/1996 18:00;31.528624;243.964351;0.522924;594.750000;696.593934;0.165000;0.724534;1.178409;594.750000
20286000.000000;22/5/1996 18:59;26.383301;258.910777;0.444374;515.700000;591.946823;0.165000;0.699742;1.245021;515.700000
20340000.000000;23/5/1996 9:59;28.174466;105.678811;0.472158;357.650000;628.811382;0.509028;0.711388;0.799524;357.650000
20343600.000000;23/5/1996 11:00;33.174077;120.937111;0.547185;438.750000;728.719260;0.434887;0.733386;0.820965;438.750000
20347200.000000;23/5/1996 12:00;37.398924;137.349214;0.607361;542.900000;808.847349;0.292940;0.751171;0.893541;542.900000
20350800.000000;23/5/1996 12:59;40.435864;154.980394;0.648596;611.150000;863.749125;0.232603;0.760776;0.930044;611.150000
20354400.000000;23/5/1996 14:00;41.919945;173.544957;0.668092;666.600000;889.697577;0.183720;0.763455;0.981385;666.600000
20358000.000000;23/5/1996 15:00;41.646157;192.385228;0.664528;695.550000;884.938916;0.165013;0.761354;1.032353;695.550000
20361600.000000;23/5/1996 15:59;39.654762;210.716326;0.638160;679.550000;849.811797;0.165208;0.754202;1.060257;679.550000
20365200.000000;23/5/1996 17:00;36.213360;227.982415;0.590794;648.750000;786.723968;0.165000;0.742453;1.110673;648.750000
20368800.000000;23/5/1996 18:00;31.713160;244.019099;0.525667;588.350000;699.987935;0.165000;0.726391;1.157110;588.350000
20372400.000000;23/5/1996 18:59;26.565922;258.969750;0.447227;504.100000;595.526871;0.165000;0.698924;1.211114;504.100000
20426400.000000;24/5/1996 9:59;28.338032;105.576958;0.474673;358.150000;631.929290;0.513536;0.705423;0.803428;358.150000
20430000.000000;24/5/1996 11:00;33.341133;120.838447;0.549623;448.800000;731.699055;0.410222;0.730207;0.839990;448.800000
20433600.000000;24/5/1996 12:00;37.571315;137.260926;0.609748;544.500000;811.730711;0.293699;0.746289;0.898833;544.500000
20437200.000000;24/5/1996 12:59;40.614199;154.911592;0.650962;623.850000;866.583941;0.215546;0.756070;0.952155;623.850000
20440800.000000;24/5/1996 14:00;42.103051;173.504079;0.670466;649.900000;892.534646;0.205281;0.760936;0.956914;649.900000
20444400.000000;24/5/1996 15:00;41.831397;192.375864;0.666941;702.500000;887.828455;0.164589;0.759230;1.042183;702.500000
20448000.000000;24/5/1996 15:59;39.839331;210.735134;0.640637;688.450000;852.799997;0.165000;0.753687;1.071110;688.450000
20451600.000000;24/5/1996 17:00;36.395570;228.021394;0.593357;653.400000;789.849819;0.165000;0.741754;1.115257;653.400000
20455200.000000;24/5/1996 18:00;31.892782;244.069506;0.528331;585.900000;703.280565;0.165000;0.723780;1.151035;585.900000
20458800.000000;24/5/1996 18:59;26.743762;259.024393;0.450001;502.250000;599.003558;0.165000;0.696767;1.203380;502.250000
20512800.000000;25/5/1996 9:59;28.495276;105.475358;0.477086;364.800000;634.915564;0.496070;0.707965;0.811572;364.800000
20516400.000000;25/5/1996 11:00;33.501847;120.739681;0.551964;449.300000;734.553233;0.413920;0.731285;0.836423;449.300000
20520000.000000;25/5/1996 12:00;37.737374;137.171944;0.612043;542.900000;814.494542;0.301574;0.744269;0.895574;542.900000
20523600.000000;25/5/1996 12:59;40.786280;154.841289;0.653239;615.600000;869.304961;0.231733;0.754589;0.938460;615.600000
20527200.000000;25/5/1996 14:00;42.280078;173.460797;0.672755;662.650000;895.262908;0.192126;0.760103;0.973780;662.650000
20530800.000000;25/5/1996 15:00;42.010823;192.363266;0.669271;682.200000;890.613084;0.171961;0.759480;1.008571;682.200000
20534400.000000;25/5/1996 15:59;40.018396;210.750096;0.643034;672.600000;855.685815;0.165007;0.757860;1.037179;672.600000
20538000.000000;25/5/1996 17:00;36.572569;228.056172;0.595840;598.350000;792.874280;0.179365;0.738425;1.021985;598.350000
20541600.000000;25/5/1996 18:00;32.067419;244.115573;0.530917;495.150000;706.471183;0.242623;0.719181;0.974550;495.150000
20545200.000000;25/5/1996 18:59;26.916747;259.074706;0.452695;419.100000;602.376037;0.250678;0.693577;1.003126;419.100000
20599200.000000;26/5/1996 9:59;28.646161;105.374114;0.479399;95.950000;637.770262;0.986460;0.704670;0.213499;95.950000
20602800.000000;26/5/1996 11:00;33.656179;120.640917;0.554208;182.750000;737.281927;0.974124;0.727892;0.340531;182.750000
20606400.000000;26/5/1996 12:00;37.897054;137.082368;0.614245;197.200000;817.138999;0.975943;0.743365;0.324645;197.200000
20610000.000000;26/5/1996 12:59;40.952053;154.769577;0.655427;246.000000;871.912315;0.959636;0.752642;0.374864;246.000000
20613600.000000;26/5/1996 14:00;42.450964;173.415177;0.674959;244.700000;897.882411;0.964567;0.756956;0.360034;244.700000
20617200.000000;26/5/1996 15:00;42.184366;192.347476;0.671518;232.200000;893.292721;0.969992;0.756761;0.343486;232.200000
20620800.000000;26/5/1996 15:59;40.191886;210.761231;0.645350;243.700000;858.469011;0.958669;0.750154;0.378426;243.700000
20624400.000000;26/5/1996 17:00;36.744285;228.086754;0.598245;247.800000;795.796917;0.940256;0.740375;0.420579;247.800000
20628000.000000;26/5/1996 18:00;32.236999;244.157300;0.533423;247.250000;709.559154;0.905923;0.722030;0.482605;247.250000
20631600.000000;26/5/1996 18:59;27.084805;259.120693;0.455309;223.100000;605.643476;0.882925;0.695711;0.529485;223.100000
20685600.000000;27/5/1996 9:59;28.790652;105.273327;0.481611;200.300000;640.493476;0.939205;0.707864;0.441791;200.300000
20689200.000000;27/5/1996 11:00;33.804088;120.542263;0.556355;264.850000;739.885300;0.895340;0.730300;0.490156;264.850000
20692800.000000;27/5/1996 12:00;38.050309;136.992306;0.616353;324.950000;819.664264;0.845201;0.745501;0.531780;324.950000
20696400.000000;27/5/1996 12:59;41.111463;154.696547;0.657526;434.300000;874.406149;0.666042;0.756023;0.656964;434.300000
20700000.000000;27/5/1996 14:00;42.615646;173.367291;0.677077;466.300000;900.393216;0.621284;0.761470;0.680112;466.300000
20703600.000000;27/5/1996 15:00;42.351962;192.328538;0.673683;477.050000;895.867299;0.589563;0.759818;0.700827;477.050000
20707200.000000;27/5/1996 15:59;40.359733;210.768562;0.647585;628.500000;861.149347;0.203302;0.753853;0.968144;628.500000
20710800.000000;27/5/1996 17:00;36.910648;228.113151;0.600569;647.350000;798.617307;0.165000;0.742979;1.090998;647.350000
20714400.000000;27/5/1996 18:00;32.401449;244.194694;0.535848;579.350000;712.543852;0.165000;0.724627;1.122057;579.350000
20718000.000000;27/5/1996 18:59;27.247863;259.162361;0.457841;506.300000;608.805049;0.165000;0.698508;1.190579;506.300000
20772000.000000;28/5/1996 9:59;28.928716;105.173100;0.483721;364.600000;643.085333;0.513093;0.706074;0.802967;364.600000
20775600.000000;28/5/1996 11:00;33.945540;120.443827;0.558405;457.200000;742.363543;0.404800;0.729756;0.843941;457.200000
20779200.000000;28/5/1996 12:00;38.197099;136.901866;0.618369;536.650000;822.070541;0.328050;0.744129;0.877271;536.650000
20782800.000000;28/5/1996 12:59;41.264462;154.622300;0.659536;605.050000;876.786625;0.259907;0.753029;0.916401;605.050000
20786400.000000;28/5/1996 14:00;42.774068;173.317215;0.679109;649.950000;902.795395;0.215500;0.757477;0.950432;649.950000
20790000.000000;28/5/1996 15:00;42.513544;192.306502;0.675764;670.000000;898.336756;0.186730;0.756889;0.985380;670.000000
20793600.000000;28/5/1996 15:59;40.521868;210.772117;0.649738;670.400000;863.726597;0.167401;0.750359;1.034401;670.400000
20797200.000000;28/5/1996 17:00;37.071588;228.135377;0.602812;640.550000;801.335030;0.165158;0.739683;1.080670;640.550000
20800800.000000;28/5/1996 18:00;32.560699;244.227763;0.538193;586.800000;715.424659;0.165000;0.724003;1.132885;586.800000
20804400.000000;28/5/1996 18:59;27.405848;259.199719;0.460290;510.700000;611.859944;0.165000;0.699202;1.193744;510.700000
20858400.000000;29/5/1996 9:59;29.060324;105.073541;0.485730;221.400000;645.545991;0.911705;0.703249;0.487687;221.400000
20862000.000000;29/5/1996 11:00;34.080501;120.345722;0.560357;432.900000;744.716872;0.481029;0.725496;0.801238;432.900000
20865600.000000;29/5/1996 12:00;38.337382;136.811158;0.620291;465.000000;824.358052;0.519531;0.741648;0.760570;465.000000
20869200.000000;29/5/1996 12:59;41.410999;154.546935;0.661456;557.850000;879.053922;0.365015;0.751225;0.844757;557.850000
20872800.000000;29/5/1996 14:00;42.926172;173.265031;0.681055;626.200000;905.089034;0.256957;0.756126;0.915014;626.200000
20876400.000000;29/5/1996 15:00;42.669052;192.281423;0.677763;632.850000;900.701040;0.239959;0.757050;0.928102;632.850000
20880000.000000;29/5/1996 15:59;40.678226;210.771929;0.651810;439.750000;866.200539;0.643042;0.751561;0.675497;439.750000
20883600.000000;29/5/1996 17:00;37.227038;228.153452;0.604975;336.800000;803.949676;0.810688;0.742921;0.563898;336.800000
20887200.000000;29/5/1996 18:00;32.714680;244.256523;0.540456;196.500000;718.200967;0.964052;0.724150;0.377823;196.500000
20890800.000000;29/5/1996 18:59;27.558691;259.232782;0.462657;137.100000;614.807361;0.979540;0.695435;0.320658;137.100000
20944800.000000;30/5/1996 9:59;29.185449;104.974756;0.487638;376.700000;647.875640;0.480708;0.713913;0.814439;376.700000
20948400.000000;30/5/1996 11:00;34.208941;120.248061;0.562212;471.350000;746.945530;0.372470;0.737920;0.855155;471.350000
20952000.000000;30/5/1996 12:00;38.471123;136.720298;0.622120;551.050000;826.527042;0.301279;0.752974;0.885429;551.050000
20955600.000000;30/5/1996 12:59;41.551031;154.470558;0.663287;611.600000;881.208234;0.253406;0.760994;0.912027;611.600000
20959200.000000;30/5/1996 14:00;43.071904;173.210823;0.682916;648.700000;907.274227;0.222077;0.762978;0.937116;648.700000
20962800.000000;30/5/1996 15:00;42.818423;192.253361;0.679677;617.150000;902.960108;0.271077;0.762493;0.896368;617.150000
20966400.000000;30/5/1996 15:59;40.828740;210.768034;0.653800;656.950000;868.570960;0.178106;0.756221;1.000180;656.950000
20970000.000000;30/5/1996 17:00;37.376929;228.167397;0.607056;560.400000;806.460840;0.252050;0.747209;0.929978;560.400000
20973600.000000;30/5/1996 18:00;32.863322;244.280988;0.542637;339.650000;720.872175;0.717309;0.729783;0.645624;339.650000
20977200.000000;30/5/1996 18:59;27.706320;259.261566;0.464940;359.800000;617.646508;0.478263;0.706472;0.824567;359.800000
21031200.000000;31/5/1996 9:59;29.304067;104.876853;0.489444;185.100000;650.074502;0.958183;0.706628;0.402951;185.100000
21034800.000000;31/5/1996 11:00;34.330832;120.150958;0.563971;133.800000;749.049785;0.983924;0.728143;0.245318;133.800000
21038400.000000;31/5/1996 12:00;38.598286;136.629401;0.623856;172.000000;828.577773;0.981317;0.744271;0.278910;172.000000
21042000.000000;31/5/1996 12:59;41.684512;154.393278;0.665029;137.700000;883.249768;0.985969;0.752240;0.207250;137.700000
21045600.000000;31/5/1996 14:00;43.211212;173.154680;0.684690;153.750000;909.351080;0.984783;0.756171;0.223596;153.750000
21049200.000000;31/5/1996 15:00;42.961598;192.222379;0.681508;172.650000;905.113924;0.982833;0.755414;0.252510;172.650000
21052800.000000;31/5/1996 15:59;40.973348;210.760474;0.655708;228.650000;870.837649;0.968956;0.749685;0.350231;228.650000
21056400.000000;31/5/1996 17:00;37.521195;228.177241;0.609055;161.200000;808.868124;0.982064;0.739084;0.269646;161.200000
21060000.000000;31/5/1996 18:00;33.006558;244.301182;0.544735;162.050000;723.437689;0.979399;0.722458;0.310053;162.050000
21063600.000000;31/5/1996 18:59;27.848668;259.286094;0.467138;235.550000;620.376607;0.868449;0.696731;0.544958;235.550000
21117600.000000;1/6/1996 9:59;29.416157;104.779941;0.491149;369.450000;652.142825;0.514071;0.705553;0.802940;369.450000
21121200.000000;1/6/1996 11:00;34.446149;120.054530;0.565631;462.250000;751.029928;0.405627;0.731308;0.841626;462.250000
21124800.000000;1/6/1996 12:00;38.718839;136.538586;0.625499;543.050000;830.510527;0.325937;0.748915;0.873097;543.050000
21128400.000000;1/6/1996 12:59;41.811404;154.315205;0.666681;611.200000;885.178745;0.259236;0.758274;0.910597;611.200000
21132000.000000;1/6/1996 14:00;43.344045;173.096697;0.686378;647.350000;911.319707;0.228578;0.760089;0.934553;647.350000
21135600.000000;1/6/1996 15:00;43.098519;192.188546;0.683255;689.250000;907.162456;0.175721;0.760687;0.998817;689.250000
21139200.000000;1/6/1996 15:59;41.111986;210.749295;0.657533;683.050000;873.000406;0.165646;0.755194;1.036047;683.050000
21142800.000000;1/6/1996 17:00;37.659771;228.183016;0.610971;645.800000;811.171137;0.164751;0.743872;1.070255;645.800000
21146400.000000;1/6/1996 18:00;33.144320;244.317129;0.546750;588.700000;725.896926;0.165000;0.726347;1.116542;588.700000
21150000.000000;1/6/1996 18:59;27.985665;259.306388;0.469251;511.050000;622.996893;0.165000;0.699652;1.172452;511.050000
21204000.000000;2/6/1996 9:59;29.521701;104.684133;0.492753;88.170000;654.080887;0.987868;0.706086;0.190911;88.170000
21207600.000000;2/6/1996 11:00;34.554871;119.958896;0.567195;66.710000;752.886270;0.992025;0.726007;0.122045;66.710000
21211200.000000;2/6/1996 12:00;38.832755;136.447974;0.627049;81.450000;832.325599;0.991193;0.742252;0.131840;81.450000
21214800.000000;2/6/1996 12:59;41.931668;154.236455;0.668244;91.250000;886.995396;0.990741;0.750931;0.136997;91.250000
21218400.000000;2/6/1996 14:00;43.470355;173.036970;0.687979;149.700000;913.180231;0.985246;0.754397;0.217303;149.700000
21222000.000000;2/6/1996 15:00;43.229131;192.151937;0.684918;239.400000;909.105681;0.968642;0.751222;0.350543;239.400000
21225600.000000;2/6/1996 15:59;41.244593;210.734549;0.659275;322.700000;875.059032;0.882423;0.746289;0.494145;322.700000
21229200.000000;2/6/1996 17:00;37.792592;228.184757;0.612805;294.350000;813.369492;0.890755;0.734490;0.492709;294.350000
21232800.000000;2/6/1996 18:00;33.276543;244.328858;0.548681;242.650000;728.249311;0.921394;0.720577;0.462402;242.650000
21236400.000000;2/6/1996 18:59;28.117245;259.322476;0.471277;114.600000;625.506610;0.983511;0.696479;0.263054;114.600000
21290400.000000;3/6/1996 9:59;29.620683;104.589537;0.494256;147.850000;655.888995;0.979187;0.705009;0.319740;147.850000
21294000.000000;3/6/1996 11:00;34.656977;119.864173;0.568662;193.750000;754.619147;0.971182;0.728532;0.352424;193.750000
21297600.000000;3/6/1996 12:00;38.940007;136.357688;0.628506;169.250000;834.023304;0.981736;0.747390;0.271521;169.250000
21301200.000000;3/6/1996 12:59;42.045268;154.157145;0.669718;363.050000;888.699965;0.827129;0.756724;0.539851;363.050000
21304800.000000;3/6/1996 14:00;43.590099;172.975600;0.689494;459.000000;914.932781;0.655653;0.762399;0.658023;459.000000
21308400.000000;3/6/1996 15:00;43.353379;192.112627;0.686496;549.300000;910.943581;0.432869;0.759745;0.793689;549.300000
21312000.000000;3/6/1996 15:59;41.371111;210.716291;0.660934;680.900000;877.013334;0.167328;0.754694;1.028742;680.900000
21315600.000000;3/6/1996 17:00;37.919597;228.182504;0.614555;641.050000;815.462811;0.164995;0.746779;1.052678;641.050000
21319200.000000;3/6/1996 18:00;33.403161;244.336402;0.550527;521.050000;730.494275;0.224439;0.727787;0.980072;521.050000
21322800.000000;3/6/1996 18:59;28.243342;259.334390;0.473217;337.550000;627.905017;0.578406;0.703424;0.764235;337.550000
21376800.000000;4/6/1996 9:59;29.713089;104.496266;0.495657;316.350000;657.567480;0.697744;0.724427;0.664099;316.350000
21380400.000000;4/6/1996 11:00;34.752452;119.770482;0.570032;340.900000;756.228912;0.755765;0.745018;0.605072;340.900000
21384000.000000;4/6/1996 12:00;39.040572;136.267851;0.629871;352.800000;835.603968;0.805353;0.758636;0.556538;352.800000
21387600.000000;4/6/1996 12:59;42.152172;154.077395;0.671102;410.300000;890.292705;0.737059;0.768570;0.599633;410.300000
21391200.000000;4/6/1996 14:00;43.703232;172.912693;0.690923;487.050000;916.577495;0.592018;0.773229;0.687221;487.050000
21394800.000000;4/6/1996 15:00;43.471213;192.070700;0.687990;446.600000;912.676141;0.681129;0.772265;0.633630;446.600000
21398400.000000;4/6/1996 15:59;41.491481;210.694581;0.662509;310.150000;878.863125;0.901066;0.765866;0.460784;310.150000
21402000.000000;4/6/1996 17:00;38.040723;228.176303;0.616221;307.850000;817.450717;0.872502;0.754191;0.499340;307.850000
21405600.000000;4/6/1996 18:00;33.524112;244.339797;0.552288;345.850000;732.631260;0.715556;0.738797;0.638966;345.850000
21409200.000000;4/6/1996 18:59;28.363891;259.342164;0.475070;280.750000;630.191384;0.765344;0.714564;0.623457;280.750000
21463200.000000;5/6/1996 9:59;29.798911;104.404431;0.496957;140.550000;659.116699;0.980808;0.724721;0.294237;140.550000
21466800.000000;5/6/1996 11:00;34.841282;119.677942;0.571305;207.750000;757.715940;0.963770;0.746396;0.367338;207.750000
21470400.000000;5/6/1996 12:00;39.134429;136.178588;0.631142;358.550000;837.067934;0.795175;0.760938;0.562911;358.550000
21474000.000000;5/6/1996 12:59;42.252350;153.997327;0.672397;512.500000;891.773880;0.495774;0.768948;0.747381;512.500000
21477600.000000;5/6/1996 14:00;43.809714;172.848355;0.692266;684.450000;918.114515;0.187029;0.770996;0.966925;684.450000
21481200.000000;5/6/1996 15:00;43.582583;192.026242;0.689399;708.500000;914.303351;0.167855;0.768610;1.008193;708.500000
21484800.000000;5/6/1996 15:59;41.605647;210.669483;0.664000;708.500000;880.608219;0.165000;0.761640;1.056349;708.500000
21488400.000000;5/6/1996 17:00;38.155911;228.166203;0.617803;677.900000;819.332842;0.165000;0.749753;1.103537;677.900000
21492000.000000;5/6/1996 18:00;33.639333;244.339086;0.553963;615.500000;734.659714;0.165000;0.732129;1.144338;615.500000
21495600.000000;5/6/1996 18:59;28.478829;259.345836;0.476834;531.750000;632.364993;0.165000;0.706815;1.189690;531.750000
21549600.000000;6/6/1996 9:59;29.878140;104.314144;0.498157;130.550000;660.537034;0.982212;0.716181;0.275967;130.550000
21553200.000000;6/6/1996 11:00;34.923456;119.586675;0.572482;373.150000;759.080623;0.676534;0.739452;0.664792;373.150000
21556800.000000;6/6/1996 12:00;39.221562;136.090027;0.632321;262.350000;838.415555;0.939060;0.753212;0.415436;262.350000
21560400.000000;6/6/1996 12:59;42.345775;153.917065;0.673603;413.900000;893.143759;0.732210;0.761200;0.608801;413.900000
21564000.000000;6/6/1996 14:00;43.909507;172.782700;0.693521;405.200000;919.543989;0.773964;0.765443;0.575684;405.200000
21567600.000000;6/6/1996 15:00;43.687441;191.979342;0.690724;459.750000;915.825206;0.654963;0.764694;0.656480;459.750000
21571200.000000;6/6/1996 15:59;41.713556;210.641066;0.665407;342.750000;882.248436;0.856496;0.758450;0.512224;342.750000
21574800.000000;6/6/1996 17:00;38.265103;228.152256;0.619301;226.900000;821.108823;0.962698;0.747652;0.369602;226.900000
21578400.000000;6/6/1996 18:00;33.748764;244.334311;0.555552;303.850000;736.579096;0.820911;0.732392;0.563244;303.850000
21582000.000000;6/6/1996 18:59;28.588094;259.345448;0.478509;225.250000;634.425140;0.898663;0.704800;0.503754;225.250000
21636000.000000;7/6/1996 9:59;29.950772;104.225517;0.499256;165.250000;661.828890;0.973567;0.700351;0.356517;165.250000
21639600.000000;7/6/1996 11:00;34.998966;119.496802;0.573562;305.150000;760.323370;0.837999;0.723446;0.554765;305.150000
21643200.000000;7/6/1996 12:00;39.301954;136.002294;0.633407;468.050000;839.647199;0.534360;0.740217;0.753071;468.050000
21646800.000000;7/6/1996 12:59;42.432422;153.836736;0.674720;381.700000;894.402623;0.797815;0.745490;0.572463;381.700000
21650400.000000;7/6/1996 14:00;44.002577;172.715840;0.694691;602.150000;920.866072;0.325897;0.750101;0.871743;602.150000
21654000.000000;7/6/1996 15:00;43.785743;191.930096;0.691964;441.050000;917.241702;0.698238;0.750800;0.640442;441.050000
21657600.000000;7/6/1996 15:59;41.815156;210.609405;0.666730;344.400000;883.783599;0.854832;0.748811;0.520410;344.400000
21661200.000000;7/6/1996 17:00;38.368241;228.134521;0.620713;227.750000;822.778300;0.962458;0.738359;0.374894;227.750000
21664800.000000;7/6/1996 18:00;33.852345;244.325523;0.557055;323.550000;738.388869;0.778299;0.720731;0.607971;323.550000
21668400.000000;7/6/1996 18:59;28.691626;259.341044;0.480095;274.850000;636.371132;0.789143;0.702363;0.614927;274.850000
21722400.000000;8/6/1996 9:59;30.016806;104.138662;0.500254;370.350000;662.992694;0.531755;0.707356;0.789706;370.350000
21726000.000000;8/6/1996 11:00;35.067808;119.408442;0.574545;360.200000;761.444608;0.713637;0.728615;0.649243;360.200000
21729600.000000;8/6/1996 12:00;39.375595;135.915517;0.634401;479.500000;840.763244;0.505575;0.744464;0.766075;479.500000
21733200.000000;8/6/1996 12:59;42.512270;153.756467;0.675748;558.000000;895.550758;0.389314;0.752503;0.828010;558.000000
21736800.000000;8/6/1996 14:00;44.088889;172.647894;0.695774;537.700000;922.080919;0.476916;0.757705;0.769610;537.700000
21740400.000000;8/6/1996 15:00;43.877445;191.878602;0.693118;642.250000;918.552840;0.245227;0.758235;0.922139;642.250000
21744000.000000;8/6/1996 15:59;41.910395;210.574576;0.667968;537.000000;885.213532;0.424899;0.752654;0.805992;537.000000
21747600.000000;8/6/1996 17:00;38.465272;228.113059;0.622040;648.000000;824.340918;0.165000;0.742972;1.058024;648.000000
21751200.000000;8/6/1996 18:00;33.950019;244.312772;0.558469;598.250000;740.088508;0.165000;0.727133;1.111694;598.250000
21754800.000000;8/6/1996 18:59;28.789365;259.332674;0.481591;529.150000;638.202290;0.165000;0.704469;1.176952;529.150000
21808800.000000;9/6/1996 9:59;30.076242;104.053689;0.501152;369.350000;664.028897;0.537060;0.718419;0.774236;369.350000
21812400.000000;9/6/1996 11:00;35.129979;119.321718;0.575433;465.550000;762.444780;0.416233;0.740106;0.825019;465.550000
21816000.000000;9/6/1996 12:00;39.442476;135.829824;0.635303;549.600000;841.764078;0.327830;0.751498;0.868818;549.600000
21819600.000000;9/6/1996 12:59;42.585300;153.676388;0.676687;611.200000;896.588456;0.274160;0.759345;0.897741;611.200000
21823200.000000;9/6/1996 14:00;44.168415;172.578982;0.696770;658.200000;923.188691;0.224885;0.762997;0.934426;658.200000
21826800.000000;9/6/1996 15:00;43.962507;191.824961;0.694188;675.300000;919.758622;0.198370;0.761454;0.964227;675.300000
21830400.000000;9/6/1996 15:59;41.999227;210.536661;0.669121;681.800000;886.538063;0.170371;0.753956;1.020031;681.800000
21834000.000000;9/6/1996 17:00;38.556142;228.087936;0.623281;653.550000;825.796330;0.164585;0.744359;1.063220;653.550000
21837600.000000;9/6/1996 18:00;34.041730;244.296116;0.559797;581.350000;741.677495;0.165362;0.728469;1.075999;581.350000
21841200.000000;9/6/1996 18:59;28.881254;259.320388;0.482996;505.000000;639.917948;0.164684;0.705461;1.118650;505.000000
21895200.000000;10/6/1996 9:59;30.129084;103.970709;0.501950;180.500000;664.937969;0.965076;0.707957;0.383433;180.500000
21898800.000000;10/6/1996 11:00;35.185479;119.236749;0.576225;260.750000;763.324343;0.913108;0.730234;0.467792;260.750000
21902400.000000;10/6/1996 12:00;39.502591;135.745344;0.636113;318.050000;842.650100;0.871405;0.747776;0.504750;318.050000
21906000.000000;10/6/1996 12:59;42.651498;153.596628;0.677537;305.650000;897.516014;0.914171;0.758011;0.449270;305.650000
21909600.000000;10/6/1996 14:00;44.241128;172.509226;0.697680;252.900000;924.189551;0.964030;0.756673;0.361643;252.900000
21913200.000000;10/6/1996 15:00;44.040891;191.769279;0.695172;413.500000;920.859050;0.758957;0.758641;0.591897;413.500000
21916800.000000;10/6/1996 15:59;42.081604;210.495747;0.670188;349.500000;887.757024;0.849169;0.757001;0.520064;349.500000
21920400.000000;10/6/1996 17:00;38.640799;228.059223;0.624436;295.200000;827.144188;0.896568;0.746277;0.478228;295.200000
21924000.000000;10/6/1996 18:00;34.127423;244.275615;0.561035;400.300000;743.155319;0.576054;0.729914;0.737962;400.300000
21927600.000000;10/6/1996 18:59;28.967238;259.304242;0.484309;261.100000;641.517451;0.829454;0.705389;0.576992;261.100000
21981600.000000;11/6/1996 9:59;30.175339;103.889832;0.502648;274.250000;665.720401;0.821782;0.712954;0.577821;274.250000
21985200.000000;11/6/1996 11:00;35.234312;119.153655;0.576922;267.450000;764.083767;0.904223;0.735159;0.476124;267.450000
21988800.000000;11/6/1996 12:00;39.555936;135.662205;0.636831;314.550000;843.421717;0.877194;0.749425;0.497641;314.550000
21992400.000000;11/6/1996 12:59;42.710848;153.517320;0.678299;400.300000;898.333737;0.765158;0.757489;0.588263;400.300000
21996000.000000;11/6/1996 14:00;44.307002;172.438750;0.698503;413.800000;925.083665;0.762083;0.760560;0.588134;413.800000
21999600.000000;11/6/1996 15:00;44.112563;191.711665;0.696070;427.450000;921.854131;0.731704;0.758067;0.611667;427.450000
22003200.000000;11/6/1996 15:59;42.157483;210.451922;0.671171;705.650000;888.870245;0.164608;0.755531;1.050748;705.650000
22006800.000000;11/6/1996 17:00;38.719194;228.026993;0.625504;649.750000;828.384152;0.165268;0.746727;1.050395;649.750000
22010400.000000;11/6/1996 18:00;34.207046;244.251332;0.562185;557.150000;744.521478;0.184502;0.732671;1.021377;557.150000
22014000.000000;11/6/1996 18:59;29.047263;259.284294;0.485531;477.350000;643.000160;0.189957;0.709729;1.046004;477.350000
22068000.000000;12/6/1996 9:59;30.215017;103.811165;0.503246;394.050000;666.376704;0.458668;0.717090;0.824628;394.050000
22071600.000000;12/6/1996 11:00;35.276484;119.072553;0.577523;484.150000;764.723540;0.368139;0.738691;0.857062;484.150000
22075200.000000;12/6/1996 12:00;39.602512;135.580534;0.637458;563.500000;844.079345;0.299623;0.752948;0.886636;563.500000
22078800.000000;12/6/1996 12:59;42.763343;153.438595;0.678972;630.550000;899.041930;0.241886;0.759496;0.923452;630.550000
22082400.000000;12/6/1996 14:00;44.366017;172.367681;0.699239;677.550000;925.871201;0.201059;0.763095;0.958985;677.550000
22086000.000000;12/6/1996 15:00;44.177489;191.652231;0.696883;701.450000;922.743869;0.175463;0.762794;0.996571;701.450000
22089600.000000;12/6/1996 15:59;42.226823;210.405282;0.672067;699.950000;889.877561;0.164936;0.760951;1.033665;699.950000
22093200.000000;12/6/1996 17:00;38.791279;227.991325;0.626485;670.650000;829.515886;0.165000;0.751303;1.076108;670.650000
22096800.000000;12/6/1996 18:00;34.280547;244.223336;0.563246;616.500000;745.775478;0.165000;0.735995;1.123182;616.500000
22100400.000000;12/6/1996 18:59;29.121275;259.260607;0.486660;543.450000;644.365446;0.165000;0.710720;1.186667;543.450000
22154400.000000;13/6/1996 10:00;30.248128;103.734817;0.503746;387.350000;666.907408;0.482100;0.713014;0.814591;387.350000
22158000.000000;13/6/1996 10:59;35.312005;118.993563;0.578029;479.350000;765.244158;0.382250;0.736463;0.850554;479.350000
22161600.000000;13/6/1996 12:00;39.642320;135.500459;0.637993;560.400000;844.623407;0.307341;0.751214;0.883225;560.400000
22165200.000000;13/6/1996 13:00;42.808974;153.360585;0.679556;628.300000;899.640906;0.246490;0.759053;0.920080;628.300000
22168800.000000;13/6/1996 13:59;44.418152;172.296148;0.699890;676.950000;926.552327;0.202410;0.763857;0.956478;676.950000
22172400.000000;13/6/1996 15:00;44.235638;191.591092;0.697611;703.000000;923.528271;0.174794;0.761534;0.999576;703.000000
22176000.000000;13/6/1996 16:00;42.289583;210.355924;0.672878;700.900000;890.778807;0.164903;0.758005;1.038040;700.900000
22179600.000000;13/6/1996 16:59;38.857010;227.952300;0.627379;672.300000;830.539056;0.165000;0.749136;1.080544;672.300000
22183200.000000;13/6/1996 18:00;34.347879;244.191696;0.564216;619.600000;746.916832;0.165000;0.733039;1.131649;619.600000
22186800.000000;13/6/1996 19:00;29.189226;259.233244;0.487696;548.500000;645.612697;0.165000;0.711506;1.194060;548.500000
22240800.000000;14/6/1996 10:00;30.274688;103.660893;0.504146;392.750000;667.313060;0.464844;0.707374;0.832027;392.750000
22244400.000000;14/6/1996 10:59;35.340885;118.916800;0.578440;484.100000;765.646132;0.369871;0.730676;0.865331;484.100000
22248000.000000;14/6/1996 12:00;39.675367;135.422106;0.638437;564.550000;845.054335;0.298743;0.745641;0.895958;564.550000
22251600.000000;14/6/1996 13:00;42.847738;153.283422;0.680052;633.450000;900.130979;0.238277;0.755963;0.930907;633.450000
22255200.000000;14/6/1996 13:59;44.463394;172.224280;0.700453;683.400000;927.127213;0.195261;0.760040;0.969839;683.400000
22258800.000000;14/6/1996 15:00;44.286984;191.528366;0.698253;707.500000;924.207345;0.172220;0.760278;1.006896;707.500000
22262400.000000;14/6/1996 16:00;42.345728;210.303948;0.673603;705.350000;891.573819;0.164592;0.754630;1.048368;705.350000
22266000.000000;14/6/1996 16:59;38.916343;227.910005;0.628185;673.950000;831.453334;0.165000;0.745985;1.086575;673.950000
22269600.000000;14/6/1996 18:00;34.408994;244.156488;0.565097;622.450000;747.945063;0.165000;0.730489;1.139255;622.450000
22273200.000000;14/6/1996 19:00;29.251066;259.202275;0.488637;550.350000;646.741311;0.165000;0.707565;1.202657;550.350000
22327200.000000;15/6/1996 10:00;30.294714;103.589499;0.504448;394.900000;667.594226;0.458235;0.715730;0.826467;394.900000
22330800.000000;15/6/1996 10:59;35.363140;118.842379;0.578757;487.200000;765.929984;0.361925;0.734978;0.865454;487.200000
22334400.000000;15/6/1996 12:00;39.701661;135.345600;0.638790;572.000000;845.372565;0.283111;0.751276;0.900634;572.000000
22338000.000000;15/6/1996 13:00;42.879633;153.207240;0.680460;640.550000;900.512466;0.227195;0.762256;0.933174;640.550000
22341600.000000;15/6/1996 13:59;44.501728;172.152209;0.700931;689.250000;927.596030;0.189314;0.766877;0.968929;689.250000
22345200.000000;15/6/1996 15:00;44.331501;191.464173;0.698809;713.500000;924.781096;0.169223;0.766856;1.006101;713.500000
22348800.000000;15/6/1996 16:00;42.395222;210.249461;0.674241;709.000000;892.262435;0.164642;0.762559;1.042030;709.000000
22352400.000000;15/6/1996 16:59;38.969236;227.864529;0.628903;676.200000;832.258395;0.165000;0.752864;1.079196;676.200000
22356000.000000;15/6/1996 18:00;34.463847;244.117790;0.565886;620.150000;748.859701;0.165000;0.736469;1.124454;620.150000
22359600.000000;15/6/1996 19:00;29.306748;259.167771;0.489485;549.250000;647.750701;0.165000;0.714422;1.186882;549.250000
22413600.000000;16/6/1996 10:00;30.308226;103.520736;0.504652;397.400000;667.751490;0.450239;0.715000;0.832351;397.400000
22417200.000000;16/6/1996 10:59;35.378786;118.770413;0.578979;489.300000;766.096247;0.356543;0.739555;0.863617;489.300000
22420800.000000;16/6/1996 12:00;39.721212;135.271065;0.639053;571.850000;845.578541;0.283724;0.755958;0.894603;571.850000
22424400.000000;16/6/1996 13:00;42.904661;153.132168;0.680780;642.150000;900.785687;0.225005;0.766985;0.929455;642.150000
22428000.000000;16/6/1996 13:59;44.533144;172.080067;0.701322;689.400000;927.958947;0.189437;0.769285;0.965728;689.400000
22431600.000000;16/6/1996 15:00;44.369168;191.398637;0.699279;715.000000;925.249531;0.168697;0.769536;1.004195;715.000000
22435200.000000;16/6/1996 16:00;42.438034;210.192569;0.674792;715.500000;892.844494;0.165000;0.765406;1.046989;715.500000
22438800.000000;16/6/1996 16:59;39.015652;227.815965;0.629533;685.600000;832.953917;0.165000;0.755102;1.090045;685.600000
22442400.000000;16/6/1996 18:00;34.512395;244.075685;0.566585;632.150000;749.660284;0.165000;0.739362;1.140509;632.150000
22446000.000000;16/6/1996 19:00;29.356229;259.129806;0.490238;559.650000;648.640294;0.165000;0.714686;1.207250;559.650000
22500000.000000;17/6/1996 10:00;30.315246;103.454706;0.504757;393.850000;667.785449;0.462106;0.713380;0.826747;393.850000
22503600.000000;17/6/1996 10:59;35.387844;118.701014;0.579108;485.750000;766.145466;0.366233;0.735854;0.861609;485.750000
22507200.000000;17/6/1996 12:00;39.734036;135.198624;0.639225;566.700000;845.672711;0.294936;0.750222;0.893226;566.700000
22510800.000000;17/6/1996 13:00;42.922827;153.058340;0.681013;636.000000;900.950964;0.235006;0.759032;0.930028;636.000000
22514400.000000;17/6/1996 13:59;44.557636;172.007985;0.701626;686.250000;928.216136;0.192985;0.763915;0.967806;686.250000
22518000.000000;17/6/1996 15:00;44.399964;191.331883;0.699663;714.500000;925.612656;0.169054;0.767944;1.005179;714.500000
22521600.000000;17/6/1996 16:00;42.474134;210.133383;0.675257;715.500000;893.319834;0.165000;0.758876;1.055436;715.500000
22525200.000000;17/6/1996 16:59;39.055552;227.764410;0.630074;690.050000;833.539583;0.165000;0.748703;1.105720;690.050000
22528800.000000;17/6/1996 18:00;34.554598;244.030256;0.567191;636.000000;750.346358;0.165000;0.732714;1.156808;636.000000
22532400.000000;17/6/1996 19:00;29.399466;259.088457;0.490896;563.350000;649.409530;0.165000;0.709522;1.222626;563.350000
22586400.000000;18/6/1996 10:00;30.315800;103.391509;0.504766;326.200000;667.696721;0.682726;0.712590;0.685591;326.200000
22590000.000000;18/6/1996 10:59;35.390335;118.634290;0.579144;421.600000;766.078195;0.550178;0.733487;0.750301;421.600000
22593600.000000;18/6/1996 12:00;39.740147;135.128398;0.639307;513.300000;845.655532;0.424130;0.749826;0.809501;513.300000
22597200.000000;18/6/1996 13:00;42.934139;152.985885;0.681157;621.250000;901.008619;0.260857;0.757451;0.910296;621.250000
22600800.000000;18/6/1996 13:59;44.575198;171.936099;0.701845;620.600000;928.367766;0.297959;0.761657;0.877672;620.600000
22604400.000000;18/6/1996 15:00;44.423874;191.264037;0.699961;660.650000;925.870476;0.224078;0.760786;0.937904;660.650000
22608000.000000;18/6/1996 16:00;42.503495;210.072019;0.675635;700.250000;893.688297;0.165415;0.757715;1.034097;700.250000
22611600.000000;18/6/1996 16:59;39.088904;227.709963;0.630526;655.600000;834.015080;0.165001;0.750594;1.047273;655.600000
22615200.000000;18/6/1996 18:00;34.590417;243.981593;0.567706;604.900000;750.917479;0.165000;0.731408;1.101367;604.900000
22618800.000000;18/6/1996 19:00;29.436419;259.043805;0.491457;537.300000;650.057863;0.165000;0.707004;1.169077;537.300000
22672800.000000;19/6/1996 10:00;30.309915;103.331242;0.504677;379.600000;667.485935;0.509186;0.710416;0.800518;379.600000
22676400.000000;19/6/1996 10:59;35.386285;118.570350;0.579086;465.450000;765.894996;0.422521;0.730333;0.832115;465.450000
22680000.000000;19/6/1996 12:00;39.739567;135.060504;0.639299;545.950000;845.527461;0.342260;0.744292;0.867524;545.950000
22683600.000000;19/6/1996 13:00;42.938606;152.914932;0.681214;608.150000;900.958978;0.286024;0.753550;0.895764;608.150000
22687200.000000;19/6/1996 13:59;44.585830;171.864540;0.701977;643.150000;928.414006;0.255527;0.757531;0.914471;643.150000
22690800.000000;19/6/1996 15:00;44.440884;191.195229;0.700173;676.950000;926.022996;0.201932;0.756329;0.966550;676.950000
22694400.000000;19/6/1996 16:00;42.526093;210.008592;0.675926;645.300000;893.949724;0.213026;0.752688;0.959033;645.300000
22698000.000000;19/6/1996 16:59;39.115675;227.652728;0.630888;656.300000;834.380098;0.164936;0.740320;1.062476;656.300000
22701600.000000;19/6/1996 18:00;34.619816;243.929786;0.568128;605.500000;751.373210;0.165000;0.724896;1.111688;605.500000
22705200.000000;19/6/1996 19:00;29.467049;258.995933;0.491923;525.450000;650.584763;0.165000;0.702799;1.149203;525.450000
22759200.000000;20/6/1996 10:00;30.297621;103.273998;0.504492;316.100000;667.153737;0.712158;0.700926;0.675968;316.100000
22762800.000000;20/6/1996 10:59;35.375722;118.509297;0.578936;455.150000;765.596443;0.451630;0.725754;0.819153;455.150000
22766400.000000;20/6/1996 12:00;39.732317;134.995061;0.639202;285.950000;845.288962;0.916441;0.737456;0.458721;285.950000
22770000.000000;20/6/1996 13:00;42.936241;152.845608;0.681184;474.550000;900.802366;0.601988;0.750766;0.701694;474.550000
22773600.000000;20/6/1996 13:59;44.589533;171.793443;0.702023;491.650000;928.355026;0.595921;0.760769;0.696128;491.650000
22777200.000000;20/6/1996 15:00;44.450983;191.125588;0.700299;619.100000;926.070218;0.297887;0.757013;0.883108;619.100000
22780800.000000;20/6/1996 16:00;42.541906;209.943223;0.676129;583.050000;894.103955;0.329430;0.753415;0.865533;583.050000
22784400.000000;20/6/1996 16:59;39.135835;227.592812;0.631161;485.100000;834.634332;0.481212;0.741707;0.783615;485.100000
22788000.000000;20/6/1996 18:00;34.642760;243.874931;0.568458;622.650000;751.713122;0.165000;0.728330;1.137270;622.650000
22791600.000000;20/6/1996 19:00;29.491320;258.944928;0.492292;501.450000;650.989711;0.169786;0.704079;1.094038;501.450000
22845600.000000;21/6/1996 10:00;30.278951;103.219872;0.504210;347.200000;666.700789;0.615064;0.696875;0.747298;347.200000
22849200.000000;21/6/1996 10:59;35.358675;118.451235;0.578693;438.500000;765.183118;0.499423;0.719710;0.796245;438.500000
22852800.000000;21/6/1996 12:00;39.718421;134.932182;0.639015;516.100000;844.940503;0.415774;0.737578;0.828133;516.100000
22856400.000000;21/6/1996 13:00;42.927062;152.778041;0.681067;557.700000;900.539110;0.397419;0.749483;0.826297;557.700000
22860000.000000;21/6/1996 13:59;44.586313;171.722941;0.701983;595.950000;928.190994;0.349646;0.752554;0.853168;595.950000
22863600.000000;21/6/1996 15:00;44.454163;191.055246;0.700338;593.400000;926.012146;0.352188;0.753042;0.850965;593.400000
22867200.000000;21/6/1996 16:00;42.550915;209.876033;0.676245;686.350000;894.150833;0.171104;0.750532;1.022741;686.350000
22870800.000000;21/6/1996 16:59;39.149359;227.530322;0.631344;435.000000;834.777481;0.614366;0.742503;0.701811;435.000000
22874400.000000;21/6/1996 18:00;34.659219;243.817125;0.568694;331.600000;751.936797;0.773362;0.724915;0.608340;331.600000
22878000.000000;21/6/1996 19:00;29.509200;258.890876;0.492563;358.750000;651.272206;0.549045;0.701026;0.785769;358.750000
22932000.000000;22/6/1996 10:00;30.253939;103.168953;0.503833;281.550000;666.127766;0.804604;0.693223;0.609712;281.550000
22935600.000000;22/6/1996 10:59;35.335178;118.396262;0.578359;316.200000;764.655611;0.819330;0.713730;0.579378;316.200000
22939200.000000;22/6/1996 12:00;39.697908;134.871979;0.638740;418.900000;844.482556;0.667358;0.733870;0.675928;418.900000
22942800.000000;22/6/1996 13:00;42.911086;152.712355;0.680863;451.650000;900.169536;0.655522;0.745439;0.673078;451.650000
22946400.000000;22/6/1996 13:59;44.576175;171.653166;0.701857;253.000000;927.922075;0.964508;0.748816;0.364111;253.000000
22950000.000000;22/6/1996 15:00;44.450420;190.984335;0.700292;644.900000;925.848781;0.249395;0.750009;0.928722;644.900000
22953600.000000;22/6/1996 16:00;42.553104;209.807146;0.676273;701.400000;894.090202;0.165246;0.746583;1.050767;701.400000
22957200.000000;22/6/1996 16:59;39.156221;227.465372;0.631437;604.900000;834.809246;0.209582;0.738267;0.981484;604.900000
22960800.000000;22/6/1996 18:00;34.669163;243.756467;0.568837;570.550000;752.043824;0.176477;0.720373;1.053158;570.550000
22964400.000000;22/6/1996 19:00;29.520657;258.833871;0.492737;391.900000;651.431759;0.435956;0.695788;0.864628;391.900000
23018400.000000;23/6/1996 10:00;30.222622;103.121329;0.503361;80.350000;665.435356;0.989133;0.703551;0.171626;80.350000
23022000.000000;23/6/1996 10:59;35.305264;118.344476;0.577933;218.850000;764.014522;0.957198;0.725427;0.394867;218.850000
23025600.000000;23/6/1996 12:00;39.670807;134.814561;0.638376;428.000000;843.915595;0.644134;0.738262;0.686964;428.000000
23029200.000000;23/6/1996 13:00;42.888336;152.648671;0.680572;439.500000;899.693972;0.682819;0.748370;0.652751;439.500000
23032800.000000;23/6/1996 13:59;44.559131;171.584250;0.701645;420.100000;927.548435;0.751868;0.755433;0.599543;420.100000
23036400.000000;23/6/1996 15:00;44.439750;190.912989;0.700159;549.250000;925.580123;0.454052;0.755537;0.785417;549.250000
23040000.000000;23/6/1996 16:00;42.548460;209.736689;0.676214;453.550000;893.921905;0.643688;0.754072;0.672841;453.550000
23043600.000000;23/6/1996 16:59;39.156400;227.398075;0.631439;345.250000;834.729335;0.819192;0.744210;0.555767;345.250000
23047200.000000;23/6/1996 18:00;34.672565;243.693061;0.568886;328.200000;752.033802;0.781376;0.730443;0.597468;328.200000
23050800.000000;23/6/1996 19:00;29.525662;258.774005;0.492813;251.650000;651.467898;0.859558;0.709127;0.544728;251.650000
23104800.000000;24/6/1996 10:00;30.185041;103.077084;0.502794;129.200000;664.624263;0.982504;0.712247;0.272933;129.200000
23108400.000000;24/6/1996 10:59;35.268972;118.295971;0.577416;155.400000;763.260457;0.981676;0.729778;0.278989;155.400000
23112000.000000;24/6/1996 12:00;39.637150;134.760034;0.637923;171.800000;843.240102;0.981664;0.741832;0.274642;171.800000
23115600.000000;24/6/1996 13:00;42.858835;152.587110;0.680194;243.900000;899.112747;0.965163;0.749598;0.361884;243.900000
23119200.000000;24/6/1996 13:59;44.535194;171.516324;0.701347;307.400000;927.070239;0.922920;0.751602;0.441167;307.400000
23122800.000000;24/6/1996 15:00;44.422155;190.841342;0.699940;387.850000;925.206173;0.810248;0.752076;0.557395;387.850000
23126400.000000;24/6/1996 16:00;42.536973;209.664788;0.676066;428.300000;893.645789;0.701367;0.746568;0.641968;428.300000
23130000.000000;24/6/1996 16:59;39.149876;227.328548;0.631351;474.900000;834.537460;0.508388;0.735085;0.774139;474.900000
23133600.000000;24/6/1996 18:00;34.669400;243.627012;0.568840;543.400000;751.906341;0.211956;0.719352;1.004649;543.400000
23137200.000000;24/6/1996 19:00;29.524188;258.711373;0.492791;476.000000;651.380166;0.202245;0.696875;1.048618;476.000000
23191200.000000;25/6/1996 10:00;30.141237;103.036302;0.502133;375.500000;663.695203;0.515738;0.694232;0.814960;375.500000
23194800.000000;25/6/1996 10:59;35.226341;118.250837;0.576808;447.300000;762.394030;0.468963;0.717522;0.817682;447.300000
23198400.000000;25/6/1996 12:00;39.596972;134.708503;0.637383;488.400000;842.456556;0.484517;0.735582;0.788129;488.400000
23202000.000000;25/6/1996 13:00;42.822611;152.527788;0.679731;549.050000;898.426188;0.415095;0.741031;0.824695;549.050000
23205600.000000;25/6/1996 13:59;44.504380;171.449518;0.700964;603.750000;926.487650;0.330323;0.743584;0.876370;603.750000
23209200.000000;25/6/1996 15:00;44.397639;190.769526;0.699634;626.400000;924.726929;0.281747;0.741679;0.913319;626.400000
23212800.000000;25/6/1996 16:00;42.518633;209.591573;0.675830;595.800000;893.261700;0.300739;0.741004;0.900122;595.800000
23216400.000000;25/6/1996 16:59;39.136634;227.256910;0.631172;442.200000;834.233337;0.594884;0.726853;0.729263;442.200000
23220000.000000;25/6/1996 18:00;34.659648;243.558428;0.568700;410.600000;751.661058;0.559235;0.708515;0.770989;410.600000
23223600.000000;25/6/1996 19:00;29.516212;258.646075;0.492670;424.350000;651.168121;0.330282;0.686692;0.949007;424.350000
23277600.000000;26/6/1996 10:00;30.091253;102.999061;0.501379;76.190000;662.648905;0.989652;0.706480;0.162748;76.190000
23281200.000000;26/6/1996 10:59;35.177413;118.209163;0.576110;91.850000;761.415864;0.989143;0.726964;0.165938;91.850000
23284800.000000;26/6/1996 12:00;39.550312;134.660066;0.636756;237.900000;841.565444;0.959334;0.740724;0.381636;237.900000
23288400.000000;26/6/1996 13:00;42.779694;152.470822;0.679181;263.100000;897.634625;0.953151;0.750612;0.390486;263.100000
23292000.000000;26/6/1996 13:59;44.466708;171.383958;0.700495;313.250000;925.800831;0.916372;0.756755;0.447114;313.250000
23295600.000000;26/6/1996 15:00;44.366208;190.697675;0.699242;183.450000;924.142390;0.982134;0.756919;0.262259;183.450000
23299200.000000;26/6/1996 16:00;42.493438;209.517174;0.675506;213.000000;892.769485;0.976620;0.751262;0.317577;213.000000
23302800.000000;26/6/1996 16:59;39.116659;227.183282;0.630901;411.450000;833.816690;0.672694;0.738473;0.668208;411.450000
23306400.000000;26/6/1996 18:00;34.643289;243.487419;0.568465;589.300000;751.297582;0.165265;0.722896;1.085048;589.300000
23310000.000000;26/6/1996 19:00;29.501712;258.578210;0.492450;287.000000;650.831339;0.773397;0.701192;0.628892;287.000000
23364000.000000;27/6/1996 10:00;30.035136;102.965437;0.500531;127.350000;661.486111;0.982673;0.708954;0.271557;127.350000
23367600.000000;27/6/1996 10:59;35.122233;118.171033;0.575323;155.500000;760.326589;0.981593;0.732292;0.279284;155.500000
23371200.000000;27/6/1996 12:00;39.497208;134.614821;0.636041;207.300000;840.567255;0.974494;0.747546;0.329905;207.300000
23374800.000000;27/6/1996 13:00;42.730115;152.416323;0.678546;266.750000;896.738385;0.950312;0.757345;0.392776;266.750000
23378400.000000;27/6/1996 13:59;44.422200;171.319771;0.699940;318.100000;925.009944;0.910750;0.760184;0.452375;318.100000
23382000.000000;27/6/1996 15:00;44.327871;190.625924;0.698763;369.550000;923.452554;0.839719;0.759501;0.526902;369.550000
23385600.000000;27/6/1996 16:00;42.461383;209.441724;0.675093;340.250000;892.168996;0.866209;0.753130;0.506385;340.250000
23389200.000000;27/6/1996 16:59;39.089940;227.107786;0.630540;280.600000;833.287245;0.917969;0.745180;0.451889;280.600000
23392800.000000;27/6/1996 18:00;34.620306;243.414095;0.568135;267.500000;750.815552;0.897265;0.729118;0.488644;267.500000
23396400.000000;27/6/1996 19:00;29.480669;258.507881;0.492130;381.900000;650.369410;0.467849;0.705065;0.832838;381.900000
23450400.000000;28/6/1996 10:00;29.972935;102.935505;0.499591;319.450000;660.207575;0.692191;0.705482;0.685862;319.450000
23454000.000000;28/6/1996 10:59;35.060845;118.136528;0.574446;452.900000;759.126841;0.446974;0.726228;0.821514;452.900000
23457600.000000;28/6/1996 12:00;39.437702;134.572860;0.635239;522.800000;839.462480;0.389956;0.739922;0.841683;522.800000
23461200.000000;28/6/1996 13:00;42.673910;152.364400;0.677825;523.800000;895.737799;0.473276;0.747013;0.782810;523.800000
23464800.000000;28/6/1996 13:59;44.370881;171.257082;0.699300;660.550000;924.115148;0.222360;0.754078;0.947901;660.550000
23468400.000000;28/6/1996 15:00;44.282642;190.554404;0.698198;471.500000;922.657420;0.635948;0.754138;0.677626;471.500000
23472000.000000;28/6/1996 16:00;42.422471;209.365353;0.674592;545.950000;891.460083;0.412272;0.748696;0.817985;545.950000
23475600.000000;28/6/1996 16:59;39.056470;227.030547;0.630086;587.050000;832.644736;0.236311;0.738794;0.954316;587.050000
23479200.000000;28/6/1996 18:00;34.590685;243.338572;0.567710;554.800000;750.214620;0.192782;0.722980;1.022880;554.800000
23482800.000000;28/6/1996 19:00;29.453067;258.435190;0.491710;526.900000;649.781942;0.165000;0.700058;1.158314;526.900000
23536800.000000;29/6/1996 10:00;29.904698;102.909334;0.498559;291.750000;658.814065;0.770091;0.707194;0.626195;291.750000
23540400.000000;29/6/1996 10:59;34.993300;118.105726;0.573481;439.600000;757.817263;0.483726;0.730078;0.794555;439.600000
23544000.000000;29/6/1996 12:00;39.371839;134.534275;0.634351;502.200000;838.251613;0.441454;0.745519;0.803606;502.200000
23547600.000000;29/6/1996 13:00;42.611115;152.315158;0.677019;578.700000;894.633196;0.339909;0.754309;0.857549;578.700000
23551200.000000;29/6/1996 13:59;44.312777;171.196012;0.698575;596.900000;923.116604;0.340399;0.759720;0.851121;596.900000
23554800.000000;29/6/1996 15:00;44.230536;190.483249;0.697547;559.600000;921.756985;0.423875;0.758943;0.799930;559.600000
23558400.000000;29/6/1996 16:00;42.376705;209.288194;0.674002;441.550000;890.642603;0.667932;0.753905;0.657597;441.550000
23562000.000000;29/6/1996 16:59;39.016242;226.951691;0.629541;339.950000;831.888902;0.826928;0.744046;0.549225;339.950000
23565600.000000;29/6/1996 18:00;34.554416;243.260964;0.567189;286.900000;749.494445;0.864307;0.727080;0.526478;286.900000
23569200.000000;29/6/1996 19:00;29.418891;258.360244;0.491191;270.150000;649.068561;0.815057;0.703852;0.591334;270.150000
