date,Iprec
310819861300,0.10833
10919860100,0
10919861300,0
20919860100,0
20919861300,0
30919860100,0
30919861300,0
40919860100,0.93333
40919861300,0.5
50919860100,0.03333
50919861300,0
60919860100,0
60919861300,0
70919860100,0
70919861300,0
80919860100,0
80919861300,0
90919860100,0.95
90919861300,0.94167
100919860100,1.96667
100919861300,0.15
110919860100,0
110919861300,0
120919860100,0
120919861300,0
130919860100,0
130919861300,0
140919860100,0
140919861300,0
150919860100,0
150919861300,0
160919860100,0
160919861300,0
170919860100,0
170919861300,0
180919860100,0.8
180919861300,0.425
190919860100,0
190919861300,0.15833
200919860100,0
200919861300,0
210919860100,0
210919861300,0
220919860100,0
220919861300,0
230919860100,0
230919861300,0
240919860100,0
240919861300,0
250919860100,0
250919861300,0
260919860100,0.11667
260919861300,0.05
270919860100,0.03333
270919861300,0
280919860100,0.03333
280919861300,0
290919860100,0
290919861300,0
300919860100,0
300919861300,0
11019860100,0
11019861300,0
21019860100,0
21019861300,0
31019860100,0
31019861300,0
41019860100,0
41019861300,0
51019860100,0
51019861300,0
61019860100,0
61019861300,0
71019860100,0
71019861300,0
81019860100,0
81019861300,0.03333
91019860100,0
91019861300,0
101019860100,0
101019861300,0
111019860100,0
111019861300,0
121019860100,0
121019861300,0
131019860100,0
131019861300,0
141019860100,0
141019861300,0
151019860100,0
151019861300,0
161019860100,0
161019861300,0
171019860100,0
171019861300,0
181019860100,0
181019861300,0
191019860100,0.18333
191019861300,0
201019860100,0.05833
201019861300,0.10833
211019860100,0.53333
211019861300,0.08333
221019860100,0
221019861300,0.03333
231019860100,0.03333
231019861300,1.41667
241019860100,0.70833
241019861300,0.175
251019860100,0
251019861300,0
261019860100,0.75833
261019861300,0.8
271019860100,0.91667
271019861300,0.34167
281019860100,0
281019861300,0
291019860100,0
291019861300,0
301019860100,0.15833
301019861300,0
311019860100,0
311019861300,0
11119860100,0
11119861300,0
21119860100,0.03333
21119861300,0.175
31119860100,0.63333
31119861300,0
41119860100,0
41119861300,0
51119860100,0
51119861300,0
61119860100,0.14167
61119861300,0
71119860100,0
71119861300,0
81119860100,0
81119861300,0
91119860100,0
91119861300,0
101119860100,0
101119861300,0
111119860100,0
111119861300,0
121119860100,0
121119861300,0
131119860100,0
131119861300,0
141119860100,0
141119861300,0
151119860100,0.04167
151119861300,0
161119860100,0
161119861300,0
171119860100,0
171119861300,0
181119860100,0.025
181119861300,0
191119860100,0
191119861300,0
201119860100,0
201119861300,0
211119860100,0
211119861300,0.575
221119860100,0.375
221119861300,0.175
231119860100,0.09167
231119861300,1.04167
241119860100,1.46667
241119861300,0.175
251119860100,0
251119861300,0
261119860100,0
261119861300,0
271119860100,0.06667
271119861300,0
281119860100,0
281119861300,0
291119860100,0
291119861300,0
301119860100,0
301119861300,0
11219860100,0
11219861300,0
21219860100,0
21219861300,0
31219860100,0
31219861300,0
41219860100,0
41219861300,0
51219860100,0
51219861300,0
61219860100,0
61219861300,0
71219860100,0
71219861300,0
81219860100,0
81219861300,0
91219860100,0
91219861300,0
101219860100,0
101219861300,0
111219860100,0
111219861300,0
121219860100,0
121219861300,0
131219860100,0
131219861300,0
141219860100,0
141219861300,0.08333
151219860100,1.71667
151219861300,0.26667
161219860100,0
161219861300,0
171219860100,0.83333
171219861300,0.99167
181219860100,0.44167
181219861300,0.225
191219860100,0.43333
191219861300,1.46667
201219860100,0.625
201219861300,0.9
211219860100,0.60833
211219861300,0.175
221219860100,0.425
221219861300,0.49167
231219860100,0.18333
231219861300,0.13333
241219860100,0.26667
241219861300,0.3
251219860100,0.25
251219861300,0.03333
261219860100,0.19167
261219861300,0.29167
271219860100,0.45833
271219861300,0.55
281219860100,0.50833
281219861300,0.65
291219860100,0.175
291219861300,0.74167
301219860100,0.29167
301219861300,0
311219860100,0
311219861300,0
10119870100,0.16667
10119871300,0.34167
20119870100,0.36667
20119871300,1.54167
30119870100,0.7
30119871300,0.28333
40119870100,0.2
40119871300,0
50119870100,0.175
50119871300,0.09167
60119870100,0.26667
60119871300,0.59167
70119870100,0.61667
70119871300,0.675
80119870100,0
80119871300,0
90119870100,0
90119871300,0.03333
100119870100,0
100119871300,0.225
110119870100,0.325
110119871300,0.40833
120119870100,0.3
120119871300,0
130119870100,0
130119871300,0
140119870100,0
140119871300,0.09167
150119870100,0.9
150119871300,0.29167
160119870100,0.125
160119871300,0.11667
170119870100,0
170119871300,0
180119870100,0
180119871300,0.08333
190119870100,0.06667
190119871300,0
200119870100,0
200119871300,0
210119870100,0
210119871300,0
220119870100,0
220119871300,0
230119870100,0
230119871300,0.28333
240119870100,0.89167
240119871300,0.175
250119870100,0.04167
250119871300,0
260119870100,0
260119871300,0
270119870100,0.16667
270119871300,0
280119870100,0
280119871300,0
290119870100,0.04167
290119871300,0
300119870100,0.10833
300119871300,0
310119870100,0
310119871300,0
10219870100,0
10219871300,0
20219870100,0
20219871300,0
30219870100,0
30219871300,0
40219870100,0
40219871300,0
50219870100,0
50219871300,0
60219870100,0
60219871300,0
70219870100,0.325
70219871300,1.05833
80219870100,0.75833
80219871300,0.14167
90219870100,0.40833
90219871300,0.03333
100219870100,0
100219871300,0
110219870100,0.24167
110219871300,0.25833
120219870100,0.21667
120219871300,0.26667
130219870100,0.24167
130219871300,0.08333
140219870100,1.04167
140219871300,0.53333
150219870100,0.325
150219871300,0.19167
160219870100,0.34167
160219871300,0.175
170219870100,0.04167
170219871300,0.2
180219870100,0.275
180219871300,0.225
190219870100,0.09167
190219871300,0.06667
200219870100,0.5
200219871300,0.31667
210219870100,0.10833
210219871300,0.04167
220219870100,0
220219871300,0
230219870100,0.175
230219871300,0.45833
240219870100,0.33333
240219871300,0
250219870100,0
250219871300,0
260219870100,0
260219871300,0.09167
270219870100,0.86667
270219871300,0.425
280219870100,0.55
280219871300,1.55833
10319870100,2.075
10319871300,1.15
20319870100,1.06667
20319871300,1.21667
30319870100,1.21667
30319871300,0.56667
40319870100,0
40319871300,0
50319870100,0
50319871300,0.10833
60319870100,0
60319871300,0
70319870100,0
70319871300,0
80319870100,0
80319871300,0
90319870100,0
90319871300,0
100319870100,0.01667
100319871300,0
110319870100,0
110319871300,0
120319870100,0
120319871300,0
130319870100,0
130319871300,0
140319870100,0
140319871300,0.11667
150319870100,0.175
150319871300,0
160319870100,0.08333
160319871300,0.41667
170319870100,0.25
170319871300,0.1
180319870100,0.43333
180319871300,0.04167
190319870100,0.13333
190319871300,0.50833
200319870100,0.96667
200319871300,0.49167
210319870100,0.33333
210319871300,0.01667
220319870100,0.04167
220319871300,0.01667
230319870100,0.26667
230319871300,0.05
240319870100,0.03333
240319871300,0.03333
250319870100,0.01667
250319871300,0
260319870100,0.01667
260319871300,0.29167
270319870100,0.26667
270319871300,0.01667
280319870100,0.31667
280319871300,0.75
290319870100,1.525
290319871300,0.39167
300319870100,0.65833
300319871300,0.9
310319870100,1.5
310319871300,0.99167
10419870100,0.43333
10419871300,0
20419870100,0
20419871300,0.08333
30419870100,0.1
30419871300,0.08333
40419870100,0.5
40419871300,0.10833
50419870100,0.45833
50419871300,0.04167
60419870100,0.175
60419871300,0
70419870100,0
70419871300,0
80419870100,0
80419871300,0.025
90419870100,0.125
90419871300,0
100419870100,0.30833
100419871300,0.78333
110419870100,1.475
110419871300,0.2
120419870100,0
120419871300,0.275
130419870100,1
130419871300,0.25
140419870100,0.48333
140419871300,0.3
150419870100,0.23333
150419871300,0.25
160419870100,0.21667
160419871300,0.025
170419870100,0.01667
170419871300,0
180419870100,0
180419871300,0
190419870100,0
190419871300,0
200419870100,0
200419871300,0.16667
210419870100,0.85
210419871300,0.84167
220419870100,0.51667
220419871300,0.1
230419870100,0
230419871300,0
240419870100,0
240419871300,0
250419870100,0
250419871300,0
260419870100,0
260419871300,0.11667
270419870100,0
270419871300,0.68333
280419870100,0.06667
280419871300,0
290419870100,0
290419871300,0
300419870100,0
300419871300,0
10519870100,0.01667
10519871300,0
20519870100,0
20519871300,0
30519870100,0.06667
30519871300,0.15
40519870100,1.31667
40519871300,1.94167
50519870100,0.75
50519871300,0.06667
60519870100,0.34167
60519871300,1.11667
70519870100,0.63333
70519871300,0.34167
80519870100,0.69167
80519871300,0.13333
90519870100,0.075
90519871300,0
100519870100,0
100519871300,0
110519870100,0.5
110519871300,0.08333
120519870100,0.15833
120519871300,0.23333
130519870100,0.43333
130519871300,3.08333
140519870100,0.7
140519871300,0.06667
150519870100,0.09167
150519871300,0
160519870100,0.15833
160519871300,0.85
170519870100,0
170519871300,0
180519870100,0
180519871300,0
190519870100,0
190519871300,0.09167
200519870100,0.20833
200519871300,0
210519870100,1.05833
210519871300,0.38333
220519870100,0.40833
220519871300,0.34167
230519870100,0
230519871300,0
240519870100,0
240519871300,0
250519870100,0
250519871300,0.23333
260519870100,0
260519871300,0
270519870100,0
270519871300,0.25833
280519870100,0.45
280519871300,0.01667
290519870100,0
290519871300,0
300519870100,1.125
300519871300,0.04167
310519870100,0.29167
310519871300,0
10619870100,0.45
10619871300,0.61667
20619870100,0.24167
20619871300,0
30619870100,0
30619871300,0.29167
40619870100,0.09167
40619871300,0.53333
50619870100,0.70833
50619871300,0.50833
60619870100,0
60619871300,0
70619870100,0
70619871300,0
80619870100,0.09167
80619871300,0.76667
90619870100,0.76667
90619871300,0.04167
100619870100,0.19167
100619871300,0
110619870100,0
110619871300,0
120619870100,0
120619871300,0
130619870100,0
130619871300,0
140619870100,0
140619871300,0
150619870100,0
150619871300,0.275
160619870100,0.61667
160619871300,0.725
170619870100,1.175
170619871300,0
180619870100,0
180619871300,0.11667
190619870100,0.04167
190619871300,0.08333
200619870100,0.325
200619871300,0.075
210619870100,0.375
210619871300,0
220619870100,0.34167
220619871300,0.30833
230619870100,0
230619871300,0
240619870100,0
240619871300,0.04167
250619870100,0.29167
250619871300,0
260619870100,0
260619871300,0.25
270619870100,1.075
270619871300,0
280619870100,0
280619871300,0
290619870100,0
290619871300,0
300619870100,0
300619871300,0
10719870100,0
10719871300,0.05
20719870100,0.03333
20719871300,1.45833
30719870100,0.36667
30719871300,0.03333
40719870100,0.99167
40719871300,0.03333
50719870100,0
50719871300,0
60719870100,0
60719871300,0
70719870100,0
70719871300,0
80719870100,0
80719871300,0
90719870100,1.00833
90719871300,0.35833
100719870100,0.04167
100719871300,0
110719870100,0
110719871300,0
120719870100,0
120719871300,0
130719870100,0.46667
130719871300,0.03333
140719870100,0
140719871300,0
150719870100,0.48333
150719871300,0.06667
160719870100,0.45833
160719871300,0.13333
170719870100,0.3
170719871300,0
180719870100,0
180719871300,0.58333
190719870100,0.425
190719871300,1.75
200719870100,0.19167
200719871300,0
210719870100,0
210719871300,0.63333
220719870100,0
220719871300,0
230719870100,0
230719871300,0.51667
240719870100,0
240719871300,0.425
250719870100,0.28333
250719871300,0.28333
260719870100,1.34167
260719871300,0.73333
270719870100,0.675
270719871300,0
280719870100,0.38333
280719871300,0.29167
290719870100,0.15
290719871300,0.04167
300719870100,0.15833
300719871300,0.2
310719870100,0.70833
310719871300,0
10819870100,0
10819871300,0.23333
20819870100,0.43333
20819871300,0.20833
30819870100,0.30833
30819871300,0
40819870100,0.03333
40819871300,0.3
50819870100,0.2
50819871300,0.50833
60819870100,0.23333
60819871300,0
70819870100,0
70819871300,0
80819870100,0.325
80819871300,0
90819870100,0
90819871300,0
100819870100,0.69167
100819871300,0
110819870100,0
110819871300,0
120819870100,0
120819871300,0
130819870100,0.54167
130819871300,0.83333
140819870100,0
140819871300,0.2
150819870100,0.95833
150819871300,1.34167
160819870100,0.025
160819871300,0
170819870100,0.44167
170819871300,0
180819870100,0
180819871300,1.26667
190819870100,0.53333
190819871300,0
200819870100,0
200819871300,0
210819870100,0
210819871300,0
220819870100,0
220819871300,0
230819870100,0
230819871300,0
240819870100,0
240819871300,0.04167
250819870100,1.38333
250819871300,1.35
260819870100,0
260819871300,0.09167
270819870100,0
270819871300,0
280819870100,0.14167
280819871300,0.025
290819870100,0.03333
290819871300,0
300819870100,0
300819871300,0
310819870100,0
310819871300,0
10919870100,0
10919871300,0.05
20919870100,0.225
20919871300,0.18333
30919870100,0.26667
30919871300,0
40919870100,0
40919871300,0
50919870100,0
50919871300,0.04167
60919870100,0.16667
60919871300,0.94167
70919870100,0.10833
70919871300,0
80919870100,0
80919871300,0.3
90919870100,0
90919871300,0
100919870100,0
100919871300,0
110919870100,0
110919871300,0.05833
120919870100,0.00833
120919871300,0
130919870100,0
130919871300,0
140919870100,0
140919871300,0
150919870100,0
150919871300,0
160919870100,0
160919871300,0
170919870100,0
170919871300,0
180919870100,0
180919871300,0
190919870100,0
190919871300,0
200919870100,0
200919871300,0
210919870100,0
210919871300,0
220919870100,0
220919871300,0
230919870100,0
230919871300,0
240919870100,0
240919871300,0
250919870100,0.03333
250919871300,0
260919870100,0
260919871300,0.29167
270919870100,1.25
270919871300,0.69167
280919870100,0
280919871300,0
290919870100,0
290919871300,0
300919870100,0
300919871300,0
11019870100,0
11019871300,0
21019870100,0
21019871300,0
31019870100,0
31019871300,0
41019870100,0
41019871300,0
51019870100,0
51019871300,0
61019870100,0.20833
61019871300,0.18333
71019870100,0.03333
71019871300,0.14167
81019870100,0
81019871300,0
91019870100,0.06667
91019871300,0
101019870100,0.175
101019871300,0
111019870100,0.45
111019871300,0.875
121019870100,0.91667
121019871300,0.475
131019870100,0.45
131019871300,0
141019870100,0
141019871300,0
151019870100,0.15833
151019871300,0
161019870100,0.11667
161019871300,0
171019870100,0
171019871300,0
181019870100,1.05
181019871300,0
191019870100,0
191019871300,0
201019870100,0
201019871300,0
211019870100,0
211019871300,0
221019870100,0
221019871300,0.08333
231019870100,0.20833
231019871300,0.11667
241019870100,0.275
241019871300,0
251019870100,0
251019871300,0.03333
261019870100,0
261019871300,0.05833
271019870100,0.05833
271019871300,0
281019870100,0
281019871300,0
291019870100,0
291019871300,0
301019870100,0
301019871300,0
311019870100,0
311019871300,0
11119870100,0
11119871300,0
21119870100,0.39167
21119871300,0.18333
31119870100,0.175
31119871300,0.13333
41119870100,0
41119871300,0
51119870100,0
51119871300,0
61119870100,0
61119871300,0
71119870100,0
71119871300,0
81119870100,0
81119871300,0
91119870100,0
91119871300,0
101119870100,0
101119871300,0
111119870100,0.18333
111119871300,0.29167
121119870100,0
121119871300,0
131119870100,0
131119871300,0.39167
141119870100,0.75833
141119871300,2.01667
151119870100,0.58333
151119871300,0
161119870100,0
161119871300,0.11667
171119870100,0.05833
171119871300,0.66667
181119870100,1.2
181119871300,0.64167
191119870100,0.33333
191119871300,0
201119870100,0.26667
201119871300,0.975
211119870100,0.75
211119871300,0.725
221119870100,0.49167
221119871300,0.03333
231119870100,0
231119871300,0.19167
241119870100,0.325
241119871300,2.05
251119870100,1.09167
251119871300,0.24167
261119870100,0.575
261119871300,0.41667
271119870100,0.03333
271119871300,0.375
281119870100,0.50833
281119871300,0.09167
291119870100,0.08333
291119871300,0
301119870100,0.1
301119871300,0.19167
11219870100,0.14167
11219871300,0
21219870100,0
21219871300,0
31219870100,0
31219871300,0
41219870100,0
41219871300,0
51219870100,0
51219871300,0
61219870100,0.18333
61219871300,0.25
71219870100,0.3
71219871300,0
81219870100,0.175
81219871300,0.01667
91219870100,0
91219871300,0
101219870100,0
101219871300,0
111219870100,0
111219871300,0
121219870100,0
121219871300,0
131219870100,0
131219871300,0
141219870100,0
141219871300,0
151219870100,0
151219871300,0
161219870100,0
161219871300,0.26667
171219870100,0.66667
171219871300,0
181219870100,0.53333
181219871300,0.88333
191219870100,0.28333
191219871300,1.88333
201219870100,0.975
201219871300,1.80833
211219870100,1.35
211219871300,0.24167
221219870100,0
221219871300,0
231219870100,0
231219871300,0
241219870100,0
241219871300,0
251219870100,0
251219871300,0
261219870100,0
261219871300,0
271219870100,0
271219871300,0
281219870100,0
281219871300,0
291219870100,0
291219871300,0
301219870100,0
301219871300,0
311219870100,0
311219871300,0
10119880100,0
10119881300,0
20119880100,0
20119881300,0
30119880100,0
30119881300,0
40119880100,0
40119881300,0
50119880100,0
50119881300,0
60119880100,0
60119881300,0
70119880100,0.43333
70119881300,0.99167
80119880100,0.25
80119881300,0.48333
90119880100,0.04167
90119881300,0
100119880100,0
100119881300,0
110119880100,0
110119881300,1.10833
120119880100,0.475
120119881300,0
130119880100,0
130119881300,0
140119880100,0
140119881300,0
150119880100,0
150119881300,0.04167
160119880100,0
160119881300,0
170119880100,0
170119881300,0
180119880100,0
180119881300,0
190119880100,0
190119881300,0
200119880100,0
200119881300,0
210119880100,0.05
210119881300,0.71667
220119880100,0.39167
220119881300,0.04167
230119880100,0.675
230119881300,0.1
240119880100,0.15833
240119881300,0.29167
250119880100,0
250119881300,0
260119880100,0.775
260119881300,0.01667
270119880100,0
270119881300,0
280119880100,0
280119881300,0
290119880100,0
290119881300,0.56667
300119880100,1.35
300119881300,0.65833
310119880100,0.88333
310119881300,0.45
10219880100,0.09167
10219881300,0
20219880100,0.2
20219881300,0.79167
30219880100,0
30219881300,0
40219880100,0
40219881300,0
50219880100,0
50219881300,0
60219880100,0
60219881300,0.09167
70219880100,0.34167
70219881300,1.2
80219880100,0.93333
80219881300,0.80833
90219880100,0.60833
90219881300,0.03333
100219880100,0.725
100219881300,0.15
110219880100,0.13333
110219881300,0.1
120219880100,0.21667
120219881300,0.34167
130219880100,0.80833
130219881300,0.23333
140219880100,0
140219881300,0
150219880100,0
150219881300,0
160219880100,0
160219881300,0
170219880100,0
170219881300,0
180219880100,0
180219881300,0
190219880100,0.18333
190219881300,1.35833
200219880100,1.01667
200219881300,0.86667
210219880100,0.275
210219881300,0
220219880100,0
220219881300,0
230219880100,0
230219881300,0
240219880100,1.05
240219881300,0.59167
250219880100,0.34167
250219881300,0.25833
260219880100,0.15833
260219881300,0.18333
270219880100,0.44167
270219881300,0.425
280219880100,0.225
280219881300,0.225
290219880100,0.39167
290219881300,0.13333
10319880100,0.23333
10319881300,0.9
20319880100,0.48333
20319881300,0.44167
30319880100,0.49167
30319881300,0
40319880100,0
40319881300,0
50319880100,0
50319881300,0.19167
60319880100,0.61667
60319881300,0
70319880100,0.25833
70319881300,0.36667
80319880100,0.25
80319881300,0.7
90319880100,0.18333
90319881300,0.13333
100319880100,0.03333
100319881300,0
110319880100,0.34167
110319881300,0.9
120319880100,0.48333
120319881300,0.75833
130319880100,0.78333
130319881300,0.38333
140319880100,0
140319881300,0
150319880100,0.53333
150319881300,0
160319880100,0
160319881300,0.35
170319880100,0.35
170319881300,0.7
180319880100,0.525
180319881300,0.5
190319880100,0.3
190319881300,0
200319880100,0.99167
200319881300,0.06667
210319880100,0
210319881300,0.425
220319880100,0.23333
220319881300,1.05833
230319880100,1.21667
230319881300,0.15833
240319880100,0.38333
240319881300,0.09167
250319880100,1.13333
250319881300,0.59167
260319880100,1.475
260319881300,0.91667
270319880100,0.20833
270319881300,0.29167
280319880100,0.64167
280319881300,0.98333
290319880100,0.41667
290319881300,0
300319880100,0
300319881300,0
310319880100,0.85833
310319881300,0.33333
10419880100,0.11667
10419881300,0.10833
20419880100,0.10833
20419881300,0.05
30419880100,0.04167
30419881300,0
40419880100,0
40419881300,0
50419880100,0
50419881300,0
60419880100,0
60419881300,0
70419880100,0.06667
70419881300,0.23333
80419880100,0
80419881300,0.15833
90419880100,0.16667
90419881300,0.05
100419880100,0.28333
100419881300,0
110419880100,0
110419881300,0
120419880100,0
120419881300,0
130419880100,0.2
130419881300,0.825
140419880100,0.91667
140419881300,0
150419880100,0
150419881300,0
160419880100,0
160419881300,0
170419880100,0
170419881300,0
180419880100,0
180419881300,0.03333
190419880100,0
190419881300,0
200419880100,0
200419881300,0.05
210419880100,0.74167
210419881300,0.075
220419880100,0
220419881300,0
230419880100,0
230419881300,0
240419880100,0
240419881300,0
250419880100,0
250419881300,0
260419880100,0
260419881300,0.18333
270419880100,0.025
270419881300,0
280419880100,0
280419881300,0.06667
290419880100,0.13333
290419881300,0.1
300419880100,0
300419881300,0
10519880100,0
10519881300,0
20519880100,0
20519881300,0
30519880100,0
30519881300,0.46667
40519880100,0.125
40519881300,0
50519880100,0.15833
50519881300,0
60519880100,0
60519881300,0
70519880100,0
70519881300,0
80519880100,0
80519881300,0
90519880100,0
90519881300,0
100519880100,0.25833
100519881300,0
110519880100,0.06667
110519881300,0
120519880100,0
120519881300,0
130519880100,0
130519881300,0
140519880100,0
140519881300,0
150519880100,0.03333
150519881300,0
160519880100,0
160519881300,0.18333
170519880100,0.36667
170519881300,0
180519880100,0.15
180519881300,0.58333
190519880100,0
190519881300,0.11667
200519880100,0.1
200519881300,0.61667
210519880100,0.50833
210519881300,0.11667
220519880100,0.03333
220519881300,0
230519880100,0
230519881300,0
240519880100,0
240519881300,0
250519880100,0
250519881300,0
260519880100,0
260519881300,0
270519880100,0
270519881300,0
280519880100,0
280519881300,0
290519880100,0
290519881300,0
300519880100,0.50833
300519881300,0.21667
310519880100,0.08333
310519881300,0.13333
10619880100,1.375
10619881300,0.24167
20619880100,1.325
20619881300,0.54167
30619880100,0.04167
30619881300,0
40619880100,0
40619881300,0
50619880100,0.825
50619881300,0.60833
60619880100,1.025
60619881300,0.18333
70619880100,0.09167
70619881300,0.36667
80619880100,0
80619881300,0
90619880100,0
90619881300,0
100619880100,0
100619881300,0
110619880100,0.35833
110619881300,0
120619880100,0.81667
120619881300,0.15
130619880100,0.09167
130619881300,0.08333
140619880100,0
140619881300,0
150619880100,0.74167
150619881300,0
160619880100,0.1
160619881300,0
170619880100,0
170619881300,0.09167
180619880100,0
180619881300,0.18333
190619880100,0.14167
190619881300,0.075
200619880100,0.21667
200619881300,0.00833
210619880100,0
210619881300,0.025
220619880100,0.74167
220619881300,0
230619880100,0.05
230619881300,0.05
240619880100,0
240619881300,0
250619880100,0
250619881300,0
260619880100,0.1
260619881300,0.56667
270619880100,0
270619881300,0.1
280619880100,0.04167
280619881300,0.28333
290619880100,0
290619881300,0.23333
300619880100,0
300619881300,0
10719880100,0
10719881300,0
20719880100,0.25833
20719881300,0.4
30719880100,0.13333
30719881300,0.26667
40719880100,0
40719881300,0.25
50719880100,0
50719881300,0
60719880100,0
60719881300,0
70719880100,0
70719881300,0.00833
80719880100,0.075
80719881300,0.125
90719880100,0.58333
90719881300,0.05833
100719880100,0.11667
100719881300,0
110719880100,0
110719881300,0
120719880100,2.44167
120719881300,0.23333
130719880100,0
130719881300,0
140719880100,0.25
140719881300,2.95
150719880100,1.04167
150719881300,1.29167
160719880100,0.13333
160719881300,0
170719880100,0.525
170719881300,0.075
180719880100,0.11667
180719881300,0.04167
190719880100,0
190719881300,0
200719880100,0
200719881300,0
210719880100,0
210719881300,0
220719880100,0.45833
220719881300,0.06667
230719880100,0
230719881300,0
240719880100,0
240719881300,0
250719880100,0.625
250719881300,0
260719880100,0
260719881300,0
270719880100,0
270719881300,0.10833
280719880100,0.35833
280719881300,0
290719880100,0
290719881300,0
300719880100,2.23333
300719881300,0
310719880100,0
310719881300,0
10819880100,0
10819881300,0
20819880100,0.51667
20819881300,0.13333
30819880100,0.26667
30819881300,0.325
40819880100,0.55833
40819881300,0.09167
50819880100,0
50819881300,0
60819880100,0
60819881300,0
70819880100,0
70819881300,0
80819880100,0
80819881300,0.625
90819880100,0.20833
90819881300,0.01667
100819880100,0
100819881300,0
110819880100,0
110819881300,0
120819880100,0.04167
120819881300,0.00833
130819880100,0
130819881300,0
140819880100,0
140819881300,0
150819880100,0
150819881300,0
160819880100,0.33333
160819881300,0.46667
170819880100,0.775
170819881300,0
180819880100,0
180819881300,0
190819880100,0
190819881300,0
200819880100,0
200819881300,0
210819880100,1.64167
210819881300,0.13333
220819880100,0.56667
220819881300,0.33333
230819880100,0.1
230819881300,0.45
240819880100,0.075
240819881300,0
250819880100,0.58333
250819881300,0.81667
260819880100,0.63333
260819881300,0.03333
270819880100,0.24167
270819881300,1.48333
280819880100,0.11667
280819881300,0
290819880100,0
290819881300,0.69167
300819880100,1.19167
300819881300,0
310819880100,0
310819881300,0
10919880100,0.05