Date12[DDMMYYYYhhmm],JulianDayFromYear0[days],TimeFromStart[days],Simulation_Period,Run,IDpoint,140.000000 ,530.000000 ,1780.000000  
15/10/2011 12:00,734791.500000,0.000000,0,0,2,5.000000,5.000000,5.000000 
15/10/2011 13:00,734791.541667,0.041667,1,1,2,6.055066,5.010422,5.000008 
15/10/2011 14:00,734791.583333,0.083333,1,1,2,6.589995,5.025991,5.000029 
15/10/2011 15:00,734791.625000,0.125000,1,1,2,6.753435,5.042969,5.000063 
15/10/2011 16:00,734791.666667,0.166667,1,1,2,7.554395,5.067636,5.000116 
15/10/2011 17:00,734791.708333,0.208333,1,1,2,8.502369,5.101343,5.000196 
15/10/2011 18:00,734791.750000,0.250000,1,1,2,9.268621,5.142175,5.000308 
15/10/2011 19:00,734791.791667,0.291667,1,1,2,9.876922,5.188480,5.000457 
15/10/2011 20:00,734791.833333,0.333333,1,1,2,10.480797,5.240141,5.000647 
15/10/2011 21:00,734791.875000,0.375000,1,1,2,10.967433,5.295931,5.000880 
15/10/2011 22:00,734791.916667,0.416667,1,1,2,10.936352,5.350680,5.001156 
15/10/2011 23:00,734791.958333,0.458333,1,1,2,11.297419,5.408277,5.001478 
16/10/2011 00:00,734792.000000,0.500000,1,1,2,11.519276,5.467309,5.001846 
16/10/2011 01:00,734792.041667,0.541667,1,1,2,11.423141,5.524616,5.002260 
16/10/2011 02:00,734792.083333,0.583333,1,1,2,11.456186,5.581497,5.002717 
16/10/2011 03:00,734792.125000,0.625000,1,1,2,11.623263,5.639282,5.003221 
16/10/2011 04:00,734792.166667,0.666667,1,1,2,11.557435,5.695658,5.003768 
16/10/2011 05:00,734792.208333,0.708333,1,1,2,11.379823,5.749541,5.004357 
16/10/2011 06:00,734792.250000,0.750000,1,1,2,11.341951,5.802342,5.004988 
16/10/2011 07:00,734792.291667,0.791667,1,1,2,11.425729,5.855279,5.005660 
16/10/2011 08:00,734792.333333,0.833333,1,1,2,11.641610,5.909654,5.006375 
16/10/2011 09:00,734792.375000,0.875000,1,1,2,11.683383,5.963729,5.007132 
16/10/2011 10:00,734792.416667,0.916667,1,1,2,11.170916,6.012034,5.007926 
16/10/2011 11:00,734792.458333,0.958333,1,1,2,10.950413,6.057527,5.008755 
16/10/2011 12:00,734792.500000,1.000000,1,1,2,10.571423,6.098681,5.009617 
16/10/2011 13:00,734792.541667,1.041667,1,1,2,10.197490,6.135604,5.010507 
16/10/2011 14:00,734792.583333,1.083333,1,1,2,10.199469,6.172063,5.011425 
16/10/2011 15:00,734792.625000,1.125000,1,1,2,10.142235,6.207480,5.012370 
16/10/2011 16:00,734792.666667,1.166667,1,1,2,10.155883,6.242569,5.013343 
16/10/2011 17:00,734792.708333,1.208333,1,1,2,10.023028,6.275888,5.014341 
16/10/2011 18:00,734792.750000,1.250000,1,1,2,9.877001,6.307330,5.015363 
16/10/2011 19:00,734792.791667,1.291667,1,1,2,10.148357,6.341041,5.016411 
16/10/2011 20:00,734792.833333,1.333333,1,1,2,10.633937,6.379109,5.017488 
16/10/2011 21:00,734792.875000,1.375000,1,1,2,10.862949,6.418943,5.018595 
16/10/2011 22:00,734792.916667,1.416667,1,1,2,11.117545,6.460771,5.019735 
16/10/2011 23:00,734792.958333,1.458333,1,1,2,11.404511,6.504887,5.020909 
17/10/2011 00:00,734793.000000,1.500000,1,1,2,11.462662,6.549001,5.022117 
17/10/2011 01:00,734793.041667,1.541667,1,1,2,11.312377,6.591054,5.023357 
17/10/2011 02:00,734793.083333,1.583333,1,1,2,11.111450,6.630574,5.024628 
17/10/2011 03:00,734793.125000,1.625000,1,1,2,10.624812,6.664771,5.025924 
17/10/2011 04:00,734793.166667,1.666667,1,1,2,10.156950,6.693901,5.027242 
17/10/2011 05:00,734793.208333,1.708333,1,1,2,9.703808,6.718177,5.028579 
17/10/2011 06:00,734793.250000,1.750000,1,1,2,9.277947,6.737931,5.029930 
17/10/2011 07:00,734793.291667,1.791667,1,1,2,8.989116,6.754576,5.031293 
17/10/2011 08:00,734793.333333,1.833333,1,1,2,8.911467,6.770240,5.032668 
17/10/2011 09:00,734793.375000,1.875000,1,1,2,9.013320,6.786709,5.034054 
17/10/2011 10:00,734793.416667,1.916667,1,1,2,9.290967,6.805708,5.035455 
17/10/2011 11:00,734793.458333,1.958333,1,1,2,9.685095,6.828355,5.036872 
17/10/2011 12:00,734793.500000,2.000000,1,1,2,10.384880,6.857621,5.038311 
17/10/2011 13:00,734793.541667,2.041667,1,1,2,10.598888,6.888621,5.039773 
17/10/2011 14:00,734793.583333,2.083333,1,1,2,10.731902,6.920532,5.041260 
17/10/2011 15:00,734793.625000,2.125000,1,1,2,10.954640,6.954228,5.042772 
17/10/2011 16:00,734793.666667,2.166667,1,1,2,11.001012,6.987944,5.044310 
17/10/2011 17:00,734793.708333,2.208333,1,1,2,10.862907,7.019858,5.045871 
17/10/2011 18:00,734793.750000,2.250000,1,1,2,10.604171,7.048801,5.047454 
17/10/2011 19:00,734793.791667,2.291667,1,1,2,10.517773,7.076515,5.049058 
17/10/2011 20:00,734793.833333,2.333333,1,1,2,10.588514,7.104569,5.050683 
17/10/2011 21:00,734793.875000,2.375000,1,1,2,10.734820,7.133704,5.052329 
17/10/2011 22:00,734793.916667,2.416667,1,1,2,10.900133,7.164095,5.053998 
17/10/2011 23:00,734793.958333,2.458333,1,1,2,11.027889,7.195353,5.055691 
18/10/2011 00:00,734794.000000,2.500000,1,1,2,11.057547,7.226499,5.057407 
18/10/2011 01:00,734794.041667,2.541667,1,1,2,11.086695,7.257528,5.059146 
18/10/2011 02:00,734794.083333,2.583333,1,1,2,11.112102,7.288407,5.060908 
18/10/2011 03:00,734794.125000,2.625000,1,1,2,11.140191,7.319162,5.062693 
18/10/2011 04:00,734794.166667,2.666667,1,1,2,11.091118,7.349034,5.064500 
18/10/2011 05:00,734794.208333,2.708333,1,1,2,11.118693,7.378791,5.066329 
18/10/2011 06:00,734794.250000,2.750000,1,1,2,11.116059,7.408137,5.068180 
18/10/2011 07:00,734794.291667,2.791667,1,1,2,11.320379,7.439122,5.070054 
18/10/2011 08:00,734794.333333,2.833333,1,1,2,11.621564,7.472680,5.071954 
18/10/2011 09:00,734794.375000,2.875000,1,1,2,11.787560,7.507442,5.073879 
18/10/2011 10:00,734794.416667,2.916667,1,1,2,11.447006,7.538390,5.075827 
18/10/2011 11:00,734794.458333,2.958333,1,1,2,11.381033,7.568286,5.077797 
18/10/2011 12:00,734794.500000,3.000000,1,1,2,12.154436,7.605434,5.079795 
18/10/2011 13:00,734794.541667,3.041667,1,1,2,12.311180,7.643648,5.081821 
18/10/2011 14:00,734794.583333,3.083333,1,1,2,12.484394,7.683078,5.083877 
18/10/2011 15:00,734794.625000,3.125000,1,1,2,12.383497,7.720999,5.085962 
18/10/2011 16:00,734794.666667,3.166667,1,1,2,12.461372,7.759198,5.088075 
18/10/2011 17:00,734794.708333,3.208333,1,1,2,12.602860,7.798298,5.090217 
18/10/2011 18:00,734794.750000,3.250000,1,1,2,12.250031,7.833407,5.092385 
18/10/2011 19:00,734794.791667,3.291667,1,1,2,12.261767,7.868176,5.094579 
18/10/2011 20:00,734794.833333,3.333333,1,1,2,12.635246,7.906185,5.096802 
18/10/2011 21:00,734794.875000,3.375000,1,1,2,13.044658,7.947745,5.099055 
18/10/2011 22:00,734794.916667,3.416667,1,1,2,13.439663,7.992668,5.101342 
18/10/2011 23:00,734794.958333,3.458333,1,1,2,13.819454,8.040759,5.103666 
19/10/2011 00:00,734795.000000,3.500000,1,1,2,14.033580,8.090340,5.106026 
19/10/2011 01:00,734795.041667,3.541667,1,1,2,13.992429,8.138870,5.108424 
19/10/2011 02:00,734795.083333,3.583333,1,1,2,13.804415,8.184913,5.110855 
19/10/2011 03:00,734795.125000,3.625000,1,1,2,13.581747,8.228159,5.113319 
19/10/2011 04:00,734795.166667,3.666667,1,1,2,13.310089,8.268161,5.115813 
19/10/2011 05:00,734795.208333,3.708333,1,1,2,13.009409,8.304674,5.118333 
19/10/2011 06:00,734795.250000,3.750000,1,1,2,12.665125,8.337315,5.120878 
19/10/2011 07:00,734795.291667,3.791667,1,1,2,12.390849,8.366826,5.123443 
19/10/2011 08:00,734795.333333,3.833333,1,1,2,12.361645,8.395668,5.126030 
19/10/2011 09:00,734795.375000,3.875000,1,1,2,12.219498,8.422736,5.128636 
19/10/2011 10:00,734795.416667,3.916667,1,1,2,12.188651,8.449151,5.131260 
19/10/2011 11:00,734795.458333,3.958333,1,1,2,12.131326,8.474662,5.133903 
19/10/2011 12:00,734795.500000,4.000000,1,1,2,12.238261,8.500902,5.136564 
19/10/2011 13:00,734795.541667,4.041667,1,1,2,12.581200,8.530192,5.139247 
19/10/2011 14:00,734795.583333,4.083333,1,1,2,12.313334,8.556461,5.141948 
19/10/2011 15:00,734795.625000,4.125000,1,1,2,11.908988,8.578399,5.144664 
19/10/2011 16:00,734795.666667,4.166667,1,1,2,11.637330,8.597374,5.147393 
19/10/2011 17:00,734795.708333,4.208333,1,1,2,11.253049,8.612312,5.150132 
19/10/2011 18:00,734795.750000,4.250000,1,1,2,10.970096,8.624268,5.152878 
19/10/2011 19:00,734795.791667,4.291667,1,1,2,10.837227,8.634763,5.155630 
19/10/2011 20:00,734795.833333,4.333333,1,1,2,10.785315,8.644616,5.158388 
19/10/2011 21:00,734795.875000,4.375000,1,1,2,10.774934,8.654247,5.161151 
19/10/2011 22:00,734795.916667,4.416667,1,1,2,10.702153,8.663040,5.163919 
19/10/2011 23:00,734795.958333,4.458333,1,1,2,10.644232,8.671155,5.166691 
20/10/2011 00:00,734796.000000,4.500000,1,1,2,10.573074,8.678470,5.169467 
20/10/2011 01:00,734796.041667,4.541667,1,1,2,10.507959,8.685054,5.172246 
20/10/2011 02:00,734796.083333,4.583333,1,1,2,10.466853,8.691155,5.175027 
20/10/2011 03:00,734796.125000,4.625000,1,1,2,10.410069,8.696623,5.177811 
20/10/2011 04:00,734796.166667,4.666667,1,1,2,10.382000,8.701752,5.180596 
20/10/2011 05:00,734796.208333,4.708333,1,1,2,10.469200,8.707683,5.183384 
20/10/2011 06:00,734796.250000,4.750000,1,1,2,10.419709,8.713057,5.186174 
20/10/2011 07:00,734796.291667,4.791667,1,1,2,10.200997,8.716209,5.188964 
20/10/2011 08:00,734796.333333,4.833333,1,1,2,10.041825,8.717756,5.191753 
20/10/2011 09:00,734796.375000,4.875000,1,1,2,9.853719,8.717434,5.194540 
20/10/2011 10:00,734796.416667,4.916667,1,1,2,9.754266,8.716143,5.197324 
20/10/2011 11:00,734796.458333,4.958333,1,1,2,9.649802,8.713846,5.200103 
20/10/2011 12:00,734796.500000,5.000000,1,1,2,9.424851,8.709367,5.202877 
20/10/2011 13:00,734796.541667,5.041667,1,1,2,9.239650,8.703126,5.205644 
20/10/2011 14:00,734796.583333,5.083333,1,1,2,9.144088,8.696032,5.208403 
20/10/2011 15:00,734796.625000,5.125000,1,1,2,9.190981,8.689504,5.211154 
20/10/2011 16:00,734796.666667,5.166667,1,1,2,9.359813,8.684738,5.213900 
20/10/2011 17:00,734796.708333,5.208333,1,1,2,9.450423,8.680939,5.216640 
20/10/2011 18:00,734796.750000,5.250000,1,1,2,9.515280,8.677840,5.219376 
20/10/2011 19:00,734796.791667,5.291667,1,1,2,9.644119,8.676062,5.222108 
20/10/2011 20:00,734796.833333,5.333333,1,1,2,9.776142,8.675622,5.224838 
20/10/2011 21:00,734796.875000,5.375000,1,1,2,9.644970,8.673900,5.227564 
20/10/2011 22:00,734796.916667,5.416667,1,1,2,9.610301,8.671868,5.230287 
20/10/2011 23:00,734796.958333,5.458333,1,1,2,9.631095,8.670076,5.233006 
21/10/2011 00:00,734797.000000,5.500000,1,1,2,9.645707,8.668462,5.235721 
21/10/2011 01:00,734797.041667,5.541667,1,1,2,9.647241,8.666892,5.238433 
21/10/2011 02:00,734797.083333,5.583333,1,1,2,9.533404,8.664228,5.241141 
21/10/2011 03:00,734797.125000,5.625000,1,1,2,9.460119,8.660884,5.243844 
21/10/2011 04:00,734797.166667,5.666667,1,1,2,9.288469,8.655897,5.246541 
21/10/2011 05:00,734797.208333,5.708333,1,1,2,9.131371,8.649432,5.249231 
21/10/2011 06:00,734797.250000,5.750000,1,1,2,8.914471,8.640919,5.251912 
21/10/2011 07:00,734797.291667,5.791667,1,1,2,8.674468,8.630156,5.254582 
21/10/2011 08:00,734797.333333,5.833333,1,1,2,8.320069,8.616043,5.257239 
21/10/2011 09:00,734797.375000,5.875000,1,1,2,8.122519,8.600172,5.259881 
21/10/2011 10:00,734797.416667,5.916667,1,1,2,7.728565,8.580628,5.262506 
21/10/2011 11:00,734797.458333,5.958333,1,1,2,8.013596,8.564164,5.265116 
21/10/2011 12:00,734797.500000,6.000000,1,1,2,8.446864,8.552205,5.267714 
21/10/2011 13:00,734797.541667,6.041667,1,1,2,9.041425,8.546286,5.270305 
21/10/2011 14:00,734797.583333,6.083333,1,1,2,9.394420,8.543939,5.272893 
21/10/2011 15:00,734797.625000,6.125000,1,1,2,9.397770,8.541665,5.275477 
21/10/2011 16:00,734797.666667,6.166667,1,1,2,9.336514,8.538824,5.278056 
21/10/2011 17:00,734797.708333,6.208333,1,1,2,9.410978,8.536764,5.280632 
21/10/2011 18:00,734797.750000,6.250000,1,1,2,9.728454,8.537876,5.283206 
21/10/2011 19:00,734797.791667,6.291667,1,1,2,10.092940,8.542582,5.285783 
21/10/2011 20:00,734797.833333,6.333333,1,1,2,9.960299,8.545924,5.288359 
21/10/2011 21:00,734797.875000,6.375000,1,1,2,9.681087,8.546473,5.290935 
21/10/2011 22:00,734797.916667,6.416667,1,1,2,9.409832,8.544344,5.293506 
21/10/2011 23:00,734797.958333,6.458333,1,1,2,9.020657,8.538407,5.296071 
22/10/2011 00:00,734798.000000,6.500000,1,1,2,8.556525,8.527971,5.298626 
22/10/2011 01:00,734798.041667,6.541667,1,1,2,8.030440,8.512485,5.301166 
22/10/2011 02:00,734798.083333,6.583333,1,1,2,7.528140,8.492249,5.303688 
22/10/2011 03:00,734798.125000,6.625000,1,1,2,6.968867,8.466763,5.306188 
22/10/2011 04:00,734798.166667,6.666667,1,1,2,6.473664,8.436729,5.308663 
22/10/2011 05:00,734798.208333,6.708333,1,1,2,6.081336,8.403222,5.311109 
22/10/2011 06:00,734798.250000,6.750000,1,1,2,5.847425,8.367854,5.313525 
22/10/2011 07:00,734798.291667,6.791667,1,1,2,5.670521,8.331211,5.315910 
22/10/2011 08:00,734798.333333,6.833333,1,1,2,5.516762,8.293540,5.318264 
22/10/2011 09:00,734798.375000,6.875000,1,1,2,5.346284,8.254687,5.320585 
22/10/2011 10:00,734798.416667,6.916667,1,1,2,4.967945,8.212616,5.322871 
22/10/2011 11:00,734798.458333,6.958333,1,1,2,4.910849,8.170541,5.325122 
22/10/2011 12:00,734798.500000,7.000000,1,1,2,5.640362,8.136234,5.327344 
22/10/2011 13:00,734798.541667,7.041667,1,1,2,6.684311,8.112696,5.329545 
22/10/2011 14:00,734798.583333,7.083333,1,1,2,7.270705,8.095268,5.331731 
22/10/2011 15:00,734798.625000,7.125000,1,1,2,7.807640,8.083380,5.333906 
22/10/2011 16:00,734798.666667,7.166667,1,1,2,8.695976,8.080431,5.336077 
22/10/2011 17:00,734798.708333,7.208333,1,1,2,9.662897,8.087078,5.338252 
22/10/2011 18:00,734798.750000,7.250000,1,1,2,10.130278,8.098262,5.340433 
22/10/2011 19:00,734798.791667,7.291667,1,1,2,10.735037,8.115279,5.342627 
22/10/2011 20:00,734798.833333,7.333333,1,1,2,11.065121,8.135341,5.344834 
22/10/2011 21:00,734798.875000,7.375000,1,1,2,11.302148,8.157487,5.347057 
22/10/2011 22:00,734798.916667,7.416667,1,1,2,11.256326,8.178896,5.349296 
22/10/2011 23:00,734798.958333,7.458333,1,1,2,11.121968,8.198704,5.351548 
23/10/2011 00:00,734799.000000,7.500000,1,1,2,10.855323,8.215625,5.353812 
23/10/2011 01:00,734799.041667,7.541667,1,1,2,10.515408,8.228974,5.356084 
23/10/2011 02:00,734799.083333,7.583333,1,1,2,10.145283,8.238498,5.358363 
23/10/2011 03:00,734799.125000,7.625000,1,1,2,9.843057,8.244919,5.360644 
23/10/2011 04:00,734799.166667,7.666667,1,1,2,9.584688,8.248711,5.362927 
23/10/2011 05:00,734799.208333,7.708333,1,1,2,9.296385,8.249613,5.365209 
23/10/2011 06:00,734799.250000,7.750000,1,1,2,9.002531,8.247607,5.367487 
23/10/2011 07:00,734799.291667,7.791667,1,1,2,8.744525,8.243087,5.369760 
23/10/2011 08:00,734799.333333,7.833333,1,1,2,8.610867,8.237314,5.372026 
23/10/2011 09:00,734799.375000,7.875000,1,1,2,8.576619,8.231285,5.374286 
23/10/2011 10:00,734799.416667,7.916667,1,1,2,8.225947,8.221880,5.376537 
23/10/2011 11:00,734799.458333,7.958333,1,1,2,8.412233,8.214445,5.378780 
23/10/2011 12:00,734799.500000,8.000000,1,1,2,9.111729,8.214026,5.381021 
23/10/2011 13:00,734799.541667,8.041667,1,1,2,9.621291,8.218652,5.383264 
23/10/2011 14:00,734799.583333,8.083333,1,1,2,9.834336,8.225330,5.385511 
23/10/2011 15:00,734799.625000,8.125000,1,1,2,9.772660,8.231317,5.387760 
23/10/2011 16:00,734799.666667,8.166667,1,1,2,9.252028,8.232091,5.390008 
23/10/2011 17:00,734799.708333,8.208333,1,1,2,8.962444,8.230001,5.392253 
23/10/2011 18:00,734799.750000,8.250000,1,1,2,8.921022,8.227537,5.394494 
23/10/2011 19:00,734799.791667,8.291667,1,1,2,8.996183,8.225855,5.396732 
23/10/2011 20:00,734799.833333,8.333333,1,1,2,9.142919,8.225652,5.398968 
23/10/2011 21:00,734799.875000,8.375000,1,1,2,9.434164,8.228336,5.401205 
23/10/2011 22:00,734799.916667,8.416667,1,1,2,9.455239,8.231200,5.403442 
23/10/2011 23:00,734799.958333,8.458333,1,1,2,9.490410,8.234382,5.405679 
24/10/2011 00:00,734800.000000,8.500000,1,1,2,9.661831,8.239222,5.407919 
24/10/2011 01:00,734800.041667,8.541667,1,1,2,9.593253,8.243328,5.410160 
24/10/2011 02:00,734800.083333,8.583333,1,1,2,9.495725,8.246424,5.412402 
24/10/2011 03:00,734800.125000,8.625000,1,1,2,9.444894,8.248985,5.414644 
24/10/2011 04:00,734800.166667,8.666667,1,1,2,9.414403,8.251218,5.416886 
24/10/2011 05:00,734800.208333,8.708333,1,1,2,9.306817,8.252366,5.419127 
24/10/2011 06:00,734800.250000,8.750000,1,1,2,9.212051,8.252571,5.421367 
24/10/2011 07:00,734800.291667,8.791667,1,1,2,9.060621,8.251284,5.423604 
24/10/2011 08:00,734800.333333,8.833333,1,1,2,9.085407,8.250267,5.425838 
24/10/2011 09:00,734800.375000,8.875000,1,1,2,9.124197,8.249653,5.428070 
24/10/2011 10:00,734800.416667,8.916667,1,1,2,9.225133,8.250052,5.430301 
24/10/2011 11:00,734800.458333,8.958333,1,1,2,9.191626,8.250122,5.432529 
24/10/2011 12:00,734800.500000,9.000000,1,1,2,9.409719,8.252352,5.434758 
