Date12[DDMMYYYYhhmm],JulianDayFromYear0[days],TimeFromStart[days],Simulation_Period,Run,Prain_below_canopy[mm],Psnow_below_canopy[mm],Prain_above_canopy[mm],Prain_above_canopy[mm],Pnet[mm],Tair[C],Tsurface[C],Tvegetation[C],Evap_surface[mm],Transpiration_canopy[mm],LE[W/m2],H[W/m2],SW[W/m2],LW[W/m2],LEv[W/m2],Hv[W/m2],SWv[W/m2],LWv[W/m2],SWin[W/m2],LWin[W/m2],Mass_balance_error[mm],Mean_Time_Step[s]
01/06/2000 12:01,730638.500694,0.000694,0.000000,0.000000,0.000000,0.000000,0.000000,0.000000,0.333333,0.000000,0.000000,0.000000,0.000000,0.000000,0.000000,0.000000,0.000000,0.000000,0.000000,0.000000,0.000000,0.000000,0.000000,0.000000,0.000014,20.000000
01/06/2000 12:02,730638.501389,0.001389,0.000000,0.000000,0.000000,0.000000,0.000000,0.000000,0.333333,0.000000,0.000000,0.000000,0.000000,0.000000,0.000000,0.000000,0.000000,0.000000,0.000000,0.000000,0.000000,0.000000,0.000000,0.000000,0.000003,20.000000
01/06/2000 12:03,730638.502083,0.002083,0.000000,0.000000,0.000000,0.000000,0.000000,0.000000,0.333333,0.000000,0.000000,0.000000,0.000000,0.000000,0.000000,0.000000,0.000000,0.000000,0.000000,0.000000,0.000000,0.000000,0.000000,0.000000,0.000017,20.000000
01/06/2000 12:04,730638.502778,0.002778,0.000000,0.000000,0.000000,0.000000,0.000000,0.000000,0.333333,0.000000,0.000000,0.000000,0.000000,0.000000,0.000000,0.000000,0.000000,0.000000,0.000000,0.000000,0.000000,0.000000,0.000000,0.000000,0.000012,20.000000
01/06/2000 12:05,730638.503472,0.003472,0.000000,0.000000,0.000000,0.000000,0.000000,0.000000,0.333333,0.000000,0.000000,0.000000,0.000000,0.000000,0.000000,0.000000,0.000000,0.000000,0.000000,0.000000,0.000000,0.000000,0.000000,0.000000,0.000029,20.000000
01/06/2000 12:06,730638.504167,0.004167,0.000000,0.000000,0.000000,0.000000,0.000000,0.000000,0.333333,0.000000,0.000000,0.000000,0.000000,0.000000,0.000000,0.000000,0.000000,0.000000,0.000000,0.000000,0.000000,0.000000,0.000000,0.000000,0.000013,20.000000
01/06/2000 12:07,730638.504861,0.004861,0.000000,0.000000,0.000000,0.000000,0.000000,0.000000,0.333333,0.000000,0.000000,0.000000,0.000000,0.000000,0.000000,0.000000,0.000000,0.000000,0.000000,0.000000,0.000000,0.000000,0.000000,0.000000,0.000030,20.000000
01/06/2000 12:08,730638.505556,0.005556,0.000000,0.000000,0.000000,0.000000,0.000000,0.000000,0.333333,0.000000,0.000000,0.000000,0.000000,0.000000,0.000000,0.000000,0.000000,0.000000,0.000000,0.000000,0.000000,0.000000,0.000000,0.000000,0.000005,20.000000
01/06/2000 12:09,730638.506250,0.006250,0.000000,0.000000,0.000000,0.000000,0.000000,0.000000,0.333333,0.000000,0.000000,0.000000,0.000000,0.000000,0.000000,0.000000,0.000000,0.000000,0.000000,0.000000,0.000000,0.000000,0.000000,0.000000,0.000015,20.000000
01/06/2000 12:10,730638.506944,0.006944,0.000000,0.000000,0.000000,0.000000,0.000000,0.000000,0.333333,0.000000,0.000000,0.000000,0.000000,0.000000,0.000000,0.000000,0.000000,0.000000,0.000000,0.000000,0.000000,0.000000,0.000000,0.000000,0.000017,20.000000
01/06/2000 12:11,730638.507639,0.007639,0.000000,0.000000,0.000000,0.000000,0.000000,0.000000,0.333333,0.000000,0.000000,0.000000,0.000000,0.000000,0.000000,0.000000,0.000000,0.000000,0.000000,0.000000,0.000000,0.000000,0.000000,0.000000,0.000006,20.000000
01/06/2000 12:12,730638.508333,0.008333,0.000000,0.000000,0.000000,0.000000,0.000000,0.000000,0.333333,0.000000,0.000000,0.000000,0.000000,0.000000,0.000000,0.000000,0.000000,0.000000,0.000000,0.000000,0.000000,0.000000,0.000000,0.000000,0.000008,20.000000
01/06/2000 12:13,730638.509028,0.009028,0.000000,0.000000,0.000000,0.000000,0.000000,0.000000,0.333333,0.000000,0.000000,0.000000,0.000000,0.000000,0.000000,0.000000,0.000000,0.000000,0.000000,0.000000,0.000000,0.000000,0.000000,0.000000,0.000014,20.000000
01/06/2000 12:14,730638.509722,0.009722,0.000000,0.000000,0.000000,0.000000,0.000000,0.000000,0.333333,0.000000,0.000000,0.000000,0.000000,0.000000,0.000000,0.000000,0.000000,0.000000,0.000000,0.000000,0.000000,0.000000,0.000000,0.000000,0.000008,20.000000
01/06/2000 12:15,730638.510417,0.010417,0.000000,0.000000,0.000000,0.000000,0.000000,0.000000,0.333333,0.000000,0.000000,0.000000,0.000000,0.000000,0.000000,0.000000,0.000000,0.000000,0.000000,0.000000,0.000000,0.000000,0.000000,0.000000,0.000008,20.000000
01/06/2000 12:16,730638.511111,0.011111,0.000000,0.000000,0.000000,0.000000,0.000000,0.000000,0.333333,0.000000,0.000000,0.000000,0.000000,0.000000,0.000000,0.000000,0.000000,0.000000,0.000000,0.000000,0.000000,0.000000,0.000000,0.000000,0.000009,20.000000
01/06/2000 12:17,730638.511806,0.011806,0.000000,0.000000,0.000000,0.000000,0.000000,0.000000,0.333333,0.000000,0.000000,0.000000,0.000000,0.000000,0.000000,0.000000,0.000000,0.000000,0.000000,0.000000,0.000000,0.000000,0.000000,0.000000,0.000015,20.000000
01/06/2000 12:18,730638.512500,0.012500,0.000000,0.000000,0.000000,0.000000,0.000000,0.000000,0.333333,0.000000,0.000000,0.000000,0.000000,0.000000,0.000000,0.000000,0.000000,0.000000,0.000000,0.000000,0.000000,0.000000,0.000000,0.000000,0.000012,20.000000
01/06/2000 12:19,730638.513194,0.013194,0.000000,0.000000,0.000000,0.000000,0.000000,0.000000,0.333333,0.000000,0.000000,0.000000,0.000000,0.000000,0.000000,0.000000,0.000000,0.000000,0.000000,0.000000,0.000000,0.000000,0.000000,0.000000,0.000007,20.000000
01/06/2000 12:20,730638.513889,0.013889,0.000000,0.000000,0.000000,0.000000,0.000000,0.000000,0.333333,0.000000,0.000000,0.000000,0.000000,0.000000,0.000000,0.000000,0.000000,0.000000,0.000000,0.000000,0.000000,0.000000,0.000000,0.000000,0.000004,20.000000
01/06/2000 12:21,730638.514583,0.014583,0.000000,0.000000,0.000000,0.000000,0.000000,0.000000,0.333333,0.000000,0.000000,0.000000,0.000000,0.000000,0.000000,0.000000,0.000000,0.000000,0.000000,0.000000,0.000000,0.000000,0.000000,0.000000,0.000003,20.000000
01/06/2000 12:22,730638.515278,0.015278,0.000000,0.000000,0.000000,0.000000,0.000000,0.000000,0.333333,0.000000,0.000000,0.000000,0.000000,0.000000,0.000000,0.000000,0.000000,0.000000,0.000000,0.000000,0.000000,0.000000,0.000000,0.000000,0.000008,20.000000
01/06/2000 12:23,730638.515972,0.015972,0.000000,0.000000,0.000000,0.000000,0.000000,0.000000,0.333333,0.000000,0.000000,0.000000,0.000000,0.000000,0.000000,0.000000,0.000000,0.000000,0.000000,0.000000,0.000000,0.000000,0.000000,0.000000,0.000014,20.000000
01/06/2000 12:24,730638.516667,0.016667,0.000000,0.000000,0.000000,0.000000,0.000000,0.000000,0.333333,0.000000,0.000000,0.000000,0.000000,0.000000,0.000000,0.000000,0.000000,0.000000,0.000000,0.000000,0.000000,0.000000,0.000000,0.000000,0.000021,20.000000
01/06/2000 12:25,730638.517361,0.017361,0.000000,0.000000,0.000000,0.000000,0.000000,0.000000,0.333333,0.000000,0.000000,0.000000,0.000000,0.000000,0.000000,0.000000,0.000000,0.000000,0.000000,0.000000,0.000000,0.000000,0.000000,0.000000,0.000026,20.000000
01/06/2000 12:26,730638.518056,0.018056,0.000000,0.000000,0.000000,0.000000,0.000000,0.000000,0.333333,0.000000,0.000000,0.000000,0.000000,0.000000,0.000000,0.000000,0.000000,0.000000,0.000000,0.000000,0.000000,0.000000,0.000000,0.000000,0.000013,20.000000
01/06/2000 12:27,730638.518750,0.018750,0.000000,0.000000,0.000000,0.000000,0.000000,0.000000,0.333333,0.000000,0.000000,0.000000,0.000000,0.000000,0.000000,0.000000,0.000000,0.000000,0.000000,0.000000,0.000000,0.000000,0.000000,0.000000,0.000016,20.000000
01/06/2000 12:28,730638.519444,0.019444,0.000000,0.000000,0.000000,0.000000,0.000000,0.000000,0.333333,0.000000,0.000000,0.000000,0.000000,0.000000,0.000000,0.000000,0.000000,0.000000,0.000000,0.000000,0.000000,0.000000,0.000000,0.000000,0.000008,20.000000
01/06/2000 12:29,730638.520139,0.020139,0.000000,0.000000,0.000000,0.000000,0.000000,0.000000,0.333333,0.000000,0.000000,0.000000,0.000000,0.000000,0.000000,0.000000,0.000000,0.000000,0.000000,0.000000,0.000000,0.000000,0.000000,0.000000,0.000009,20.000000
01/06/2000 12:30,730638.520833,0.020833,0.000000,0.000000,0.000000,0.000000,0.000000,0.000000,0.333333,0.000000,0.000000,0.000000,0.000000,0.000000,0.000000,0.000000,0.000000,0.000000,0.000000,0.000000,0.000000,0.000000,0.000000,0.000000,0.000021,20.000000
01/06/2000 12:31,730638.521528,0.021528,0.000000,0.000000,0.000000,0.000000,0.000000,0.000000,0.333333,0.000000,0.000000,0.000000,0.000000,0.000000,0.000000,0.000000,0.000000,0.000000,0.000000,0.000000,0.000000,0.000000,0.000000,0.000000,0.000012,20.000000
01/06/2000 12:32,730638.522222,0.022222,0.000000,0.000000,0.000000,0.000000,0.000000,0.000000,0.333333,0.000000,0.000000,0.000000,0.000000,0.000000,0.000000,0.000000,0.000000,0.000000,0.000000,0.000000,0.000000,0.000000,0.000000,0.000000,0.000005,20.000000
01/06/2000 12:33,730638.522917,0.022917,0.000000,0.000000,0.000000,0.000000,0.000000,0.000000,0.333333,0.000000,0.000000,0.000000,0.000000,0.000000,0.000000,0.000000,0.000000,0.000000,0.000000,0.000000,0.000000,0.000000,0.000000,0.000000,0.000013,20.000000
01/06/2000 12:34,730638.523611,0.023611,0.000000,0.000000,0.000000,0.000000,0.000000,0.000000,0.333333,0.000000,0.000000,0.000000,0.000000,0.000000,0.000000,0.000000,0.000000,0.000000,0.000000,0.000000,0.000000,0.000000,0.000000,0.000000,0.000018,20.000000
01/06/2000 12:35,730638.524306,0.024306,0.000000,0.000000,0.000000,0.000000,0.000000,0.000000,0.333333,0.000000,0.000000,0.000000,0.000000,0.000000,0.000000,0.000000,0.000000,0.000000,0.000000,0.000000,0.000000,0.000000,0.000000,0.000000,0.000007,20.000000
01/06/2000 12:36,730638.525000,0.025000,0.000000,0.000000,0.000000,0.000000,0.000000,0.000000,0.333333,0.000000,0.000000,0.000000,0.000000,0.000000,0.000000,0.000000,0.000000,0.000000,0.000000,0.000000,0.000000,0.000000,0.000000,0.000000,0.000008,20.000000
01/06/2000 12:37,730638.525694,0.025694,0.000000,0.000000,0.000000,0.000000,0.000000,0.000000,0.333333,0.000000,0.000000,0.000000,0.000000,0.000000,0.000000,0.000000,0.000000,0.000000,0.000000,0.000000,0.000000,0.000000,0.000000,0.000000,0.000015,20.000000
01/06/2000 12:38,730638.526389,0.026389,0.000000,0.000000,0.000000,0.000000,0.000000,0.000000,0.333333,0.000000,0.000000,0.000000,0.000000,0.000000,0.000000,0.000000,0.000000,0.000000,0.000000,0.000000,0.000000,0.000000,0.000000,0.000000,0.000013,20.000000
01/06/2000 12:39,730638.527083,0.027083,0.000000,0.000000,0.000000,0.000000,0.000000,0.000000,0.333333,0.000000,0.000000,0.000000,0.000000,0.000000,0.000000,0.000000,0.000000,0.000000,0.000000,0.000000,0.000000,0.000000,0.000000,0.000000,0.000013,20.000000
01/06/2000 12:40,730638.527778,0.027778,0.000000,0.000000,0.000000,0.000000,0.000000,0.000000,0.333333,0.000000,0.000000,0.000000,0.000000,0.000000,0.000000,0.000000,0.000000,0.000000,0.000000,0.000000,0.000000,0.000000,0.000000,0.000000,0.000015,20.000000
01/06/2000 12:41,730638.528472,0.028472,0.000000,0.000000,0.000000,0.000000,0.000000,0.000000,0.333333,0.000000,0.000000,0.000000,0.000000,0.000000,0.000000,0.000000,0.000000,0.000000,0.000000,0.000000,0.000000,0.000000,0.000000,0.000000,0.000015,20.000000
01/06/2000 12:42,730638.529167,0.029167,0.000000,0.000000,0.000000,0.000000,0.000000,0.000000,0.333333,0.000000,0.000000,0.000000,0.000000,0.000000,0.000000,0.000000,0.000000,0.000000,0.000000,0.000000,0.000000,0.000000,0.000000,0.000000,0.000009,20.000000
01/06/2000 12:43,730638.529861,0.029861,0.000000,0.000000,0.000000,0.000000,0.000000,0.000000,0.333333,0.000000,0.000000,0.000000,0.000000,0.000000,0.000000,0.000000,0.000000,0.000000,0.000000,0.000000,0.000000,0.000000,0.000000,0.000000,0.000015,20.000000
01/06/2000 12:44,730638.530556,0.030556,0.000000,0.000000,0.000000,0.000000,0.000000,0.000000,0.333333,0.000000,0.000000,0.000000,0.000000,0.000000,0.000000,0.000000,0.000000,0.000000,0.000000,0.000000,0.000000,0.000000,0.000000,0.000000,0.000015,20.000000
01/06/2000 12:45,730638.531250,0.031250,0.000000,0.000000,0.000000,0.000000,0.000000,0.000000,0.333333,0.000000,0.000000,0.000000,0.000000,0.000000,0.000000,0.000000,0.000000,0.000000,0.000000,0.000000,0.000000,0.000000,0.000000,0.000000,0.000020,20.000000
01/06/2000 12:46,730638.531944,0.031944,0.000000,0.000000,0.000000,0.000000,0.000000,0.000000,0.333333,0.000000,0.000000,0.000000,0.000000,0.000000,0.000000,0.000000,0.000000,0.000000,0.000000,0.000000,0.000000,0.000000,0.000000,0.000000,0.000009,20.000000
01/06/2000 12:47,730638.532639,0.032639,0.000000,0.000000,0.000000,0.000000,0.000000,0.000000,0.333333,0.000000,0.000000,0.000000,0.000000,0.000000,0.000000,0.000000,0.000000,0.000000,0.000000,0.000000,0.000000,0.000000,0.000000,0.000000,0.000017,20.000000
01/06/2000 12:48,730638.533333,0.033333,0.000000,0.000000,0.000000,0.000000,0.000000,0.000000,0.333333,0.000000,0.000000,0.000000,0.000000,0.000000,0.000000,0.000000,0.000000,0.000000,0.000000,0.000000,0.000000,0.000000,0.000000,0.000000,0.000014,20.000000
01/06/2000 12:49,730638.534028,0.034028,0.000000,0.000000,0.000000,0.000000,0.000000,0.000000,0.333333,0.000000,0.000000,0.000000,0.000000,0.000000,0.000000,0.000000,0.000000,0.000000,0.000000,0.000000,0.000000,0.000000,0.000000,0.000000,0.000014,20.000000
01/06/2000 12:50,730638.534722,0.034722,0.000000,0.000000,0.000000,0.000000,0.000000,0.000000,0.333333,0.000000,0.000000,0.000000,0.000000,0.000000,0.000000,0.000000,0.000000,0.000000,0.000000,0.000000,0.000000,0.000000,0.000000,0.000000,0.000016,20.000000
01/06/2000 12:51,730638.535417,0.035417,0.000000,0.000000,0.000000,0.000000,0.000000,0.000000,0.000000,0.000000,0.000000,0.000000,0.000000,0.000000,0.000000,0.000000,0.000000,0.000000,0.000000,0.000000,0.000000,0.000000,0.000000,0.000000,0.000008,20.000000
01/06/2000 12:52,730638.536111,0.036111,0.000000,0.000000,0.000000,0.000000,0.000000,0.000000,0.000000,0.000000,0.000000,0.000000,0.000000,0.000000,0.000000,0.000000,0.000000,0.000000,0.000000,0.000000,0.000000,0.000000,0.000000,0.000000,0.000005,20.000000
01/06/2000 12:53,730638.536806,0.036806,0.000000,0.000000,0.000000,0.000000,0.000000,0.000000,0.000000,0.000000,0.000000,0.000000,0.000000,0.000000,0.000000,0.000000,0.000000,0.000000,0.000000,0.000000,0.000000,0.000000,0.000000,0.000000,0.000006,20.000000
01/06/2000 12:54,730638.537500,0.037500,0.000000,0.000000,0.000000,0.000000,0.000000,0.000000,0.000000,0.000000,0.000000,0.000000,0.000000,0.000000,0.000000,0.000000,0.000000,0.000000,0.000000,0.000000,0.000000,0.000000,0.000000,0.000000,0.000010,20.000000
01/06/2000 12:55,730638.538194,0.038194,0.000000,0.000000,0.000000,0.000000,0.000000,0.000000,0.000000,0.000000,0.000000,0.000000,0.000000,0.000000,0.000000,0.000000,0.000000,0.000000,0.000000,0.000000,0.000000,0.000000,0.000000,0.000000,0.000018,20.000000
01/06/2000 12:56,730638.538889,0.038889,0.000000,0.000000,0.000000,0.000000,0.000000,0.000000,0.000000,0.000000,0.000000,0.000000,0.000000,0.000000,0.000000,0.000000,0.000000,0.000000,0.000000,0.000000,0.000000,0.000000,0.000000,0.000000,0.000013,20.000000
01/06/2000 12:57,730638.539583,0.039583,0.000000,0.000000,0.000000,0.000000,0.000000,0.000000,0.000000,0.000000,0.000000,0.000000,0.000000,0.000000,0.000000,0.000000,0.000000,0.000000,0.000000,0.000000,0.000000,0.000000,0.000000,0.000000,0.000015,20.000000
01/06/2000 12:58,730638.540278,0.040278,0.000000,0.000000,0.000000,0.000000,0.000000,0.000000,0.000000,0.000000,0.000000,0.000000,0.000000,0.000000,0.000000,0.000000,0.000000,0.000000,0.000000,0.000000,0.000000,0.000000,0.000000,0.000000,0.000017,20.000000
01/06/2000 12:59,730638.540972,0.040972,0.000000,0.000000,0.000000,0.000000,0.000000,0.000000,0.000000,0.000000,0.000000,0.000000,0.000000,0.000000,0.000000,0.000000,0.000000,0.000000,0.000000,0.000000,0.000000,0.000000,0.000000,0.000000,0.000015,20.000000
01/06/2000 13:00,730638.541667,0.041667,0.000000,0.000000,0.000000,0.000000,0.000000,0.000000,0.000000,0.000000,0.000000,0.000000,0.000000,0.000000,0.000000,0.000000,0.000000,0.000000,0.000000,0.000000,0.000000,0.000000,0.000000,0.000000,0.000012,20.000000
