DATE[day/month/year hour:min],t[days],JDfrom0,JD,Qtot[m3/s],Vsup/Dt[m3/s],Vsub/Dt[m3/s],Vchannel[m3],Qoutlandsup[m3/s],Qoutlandsub[m3/s],Qoutbottom[m3/s]
01/06/2000 12:01,0.000694,730638.500694,152.500694,0.000000e+00,0.000000e+00,0.000000e+00,0.000000e+00,1.354712e-08,1.489041e-05,0.000000e+00
01/06/2000 12:02,0.001389,730638.501389,152.501389,0.000000e+00,0.000000e+00,0.000000e+00,0.000000e+00,5.455093e-07,1.438286e-05,0.000000e+00
01/06/2000 12:03,0.002083,730638.502083,152.502083,0.000000e+00,0.000000e+00,0.000000e+00,0.000000e+00,1.622253e-06,1.451539e-05,0.000000e+00
01/06/2000 12:04,0.002778,730638.502778,152.502778,0.000000e+00,0.000000e+00,0.000000e+00,0.000000e+00,6.996981e-06,1.465341e-05,0.000000e+00
01/06/2000 12:05,0.003472,730638.503472,152.503472,0.000000e+00,0.000000e+00,0.000000e+00,0.000000e+00,1.042947e-05,1.476887e-05,0.000000e+00
01/06/2000 12:06,0.004167,730638.504167,152.504167,0.000000e+00,0.000000e+00,0.000000e+00,0.000000e+00,1.299443e-05,1.486275e-05,0.000000e+00
01/06/2000 12:07,0.004861,730638.504861,152.504861,0.000000e+00,0.000000e+00,0.000000e+00,0.000000e+00,2.936804e-05,1.493946e-05,0.000000e+00
01/06/2000 12:08,0.005556,730638.505556,152.505556,0.000000e+00,0.000000e+00,0.000000e+00,0.000000e+00,4.477320e-05,1.500328e-05,0.000000e+00
01/06/2000 12:09,0.006250,730638.506250,152.506250,0.000000e+00,0.000000e+00,0.000000e+00,0.000000e+00,5.555271e-05,1.505891e-05,0.000000e+00
01/06/2000 12:10,0.006944,730638.506944,152.506944,0.000000e+00,0.000000e+00,0.000000e+00,0.000000e+00,6.852155e-05,1.510726e-05,0.000000e+00
01/06/2000 12:11,0.007639,730638.507639,152.507639,0.000000e+00,0.000000e+00,0.000000e+00,0.000000e+00,7.618782e-05,1.514799e-05,0.000000e+00
01/06/2000 12:12,0.008333,730638.508333,152.508333,0.000000e+00,0.000000e+00,0.000000e+00,0.000000e+00,8.022366e-05,1.518431e-05,0.000000e+00
01/06/2000 12:13,0.009028,730638.509028,152.509028,0.000000e+00,0.000000e+00,0.000000e+00,0.000000e+00,8.465234e-05,1.521793e-05,0.000000e+00
01/06/2000 12:14,0.009722,730638.509722,152.509722,0.000000e+00,0.000000e+00,0.000000e+00,0.000000e+00,9.691229e-05,1.525028e-05,0.000000e+00
01/06/2000 12:15,0.010417,730638.510417,152.510417,0.000000e+00,0.000000e+00,0.000000e+00,0.000000e+00,1.155091e-04,1.528061e-05,0.000000e+00
01/06/2000 12:16,0.011111,730638.511111,152.511111,0.000000e+00,0.000000e+00,0.000000e+00,0.000000e+00,1.357379e-04,1.530818e-05,0.000000e+00
01/06/2000 12:17,0.011806,730638.511806,152.511806,0.000000e+00,0.000000e+00,0.000000e+00,0.000000e+00,1.568620e-04,1.533296e-05,0.000000e+00
01/06/2000 12:18,0.012500,730638.512500,152.512500,0.000000e+00,0.000000e+00,0.000000e+00,0.000000e+00,1.797603e-04,1.535556e-05,0.000000e+00
01/06/2000 12:19,0.013194,730638.513194,152.513194,0.000000e+00,0.000000e+00,0.000000e+00,0.000000e+00,2.072086e-04,1.537758e-05,0.000000e+00
01/06/2000 12:20,0.013889,730638.513889,152.513889,0.000000e+00,0.000000e+00,0.000000e+00,0.000000e+00,2.370333e-04,1.539977e-05,0.000000e+00
01/06/2000 12:21,0.014583,730638.514583,152.514583,0.000000e+00,0.000000e+00,0.000000e+00,0.000000e+00,2.684629e-04,1.542103e-05,0.000000e+00
01/06/2000 12:22,0.015278,730638.515278,152.515278,0.000000e+00,0.000000e+00,0.000000e+00,0.000000e+00,3.024240e-04,1.544044e-05,0.000000e+00
01/06/2000 12:23,0.015972,730638.515972,152.515972,0.000000e+00,0.000000e+00,0.000000e+00,0.000000e+00,3.373559e-04,1.545823e-05,0.000000e+00
01/06/2000 12:24,0.016667,730638.516667,152.516667,0.000000e+00,0.000000e+00,0.000000e+00,0.000000e+00,3.746990e-04,1.547527e-05,0.000000e+00
01/06/2000 12:25,0.017361,730638.517361,152.517361,0.000000e+00,0.000000e+00,0.000000e+00,0.000000e+00,4.096267e-04,1.549192e-05,0.000000e+00
01/06/2000 12:26,0.018056,730638.518056,152.518056,0.000000e+00,0.000000e+00,0.000000e+00,0.000000e+00,4.448164e-04,1.550839e-05,0.000000e+00
01/06/2000 12:27,0.018750,730638.518750,152.518750,0.000000e+00,0.000000e+00,0.000000e+00,0.000000e+00,4.829037e-04,1.552447e-05,0.000000e+00
01/06/2000 12:28,0.019444,730638.519444,152.519444,0.000000e+00,0.000000e+00,0.000000e+00,0.000000e+00,5.183533e-04,1.553987e-05,0.000000e+00
01/06/2000 12:29,0.020139,730638.520139,152.520139,0.000000e+00,0.000000e+00,0.000000e+00,0.000000e+00,5.547122e-04,1.555480e-05,0.000000e+00
01/06/2000 12:30,0.020833,730638.520833,152.520833,0.000000e+00,0.000000e+00,0.000000e+00,0.000000e+00,5.889220e-04,1.556916e-05,0.000000e+00
01/06/2000 12:31,0.021528,730638.521528,152.521528,0.000000e+00,0.000000e+00,0.000000e+00,0.000000e+00,6.197641e-04,1.558296e-05,0.000000e+00
01/06/2000 12:32,0.022222,730638.522222,152.522222,0.000000e+00,0.000000e+00,0.000000e+00,0.000000e+00,6.556339e-04,1.559662e-05,0.000000e+00
01/06/2000 12:33,0.022917,730638.522917,152.522917,0.000000e+00,0.000000e+00,0.000000e+00,0.000000e+00,6.878893e-04,1.560975e-05,0.000000e+00
01/06/2000 12:34,0.023611,730638.523611,152.523611,0.000000e+00,0.000000e+00,0.000000e+00,0.000000e+00,7.172057e-04,1.562232e-05,0.000000e+00
01/06/2000 12:35,0.024306,730638.524306,152.524306,0.000000e+00,0.000000e+00,0.000000e+00,0.000000e+00,7.499499e-04,1.563459e-05,0.000000e+00
01/06/2000 12:36,0.025000,730638.525000,152.525000,0.000000e+00,0.000000e+00,0.000000e+00,0.000000e+00,7.748370e-04,1.564633e-05,0.000000e+00
01/06/2000 12:37,0.025694,730638.525694,152.525694,0.000000e+00,0.000000e+00,0.000000e+00,0.000000e+00,7.970986e-04,1.565776e-05,0.000000e+00
01/06/2000 12:38,0.026389,730638.526389,152.526389,0.000000e+00,0.000000e+00,0.000000e+00,0.000000e+00,8.284051e-04,1.566942e-05,0.000000e+00
01/06/2000 12:39,0.027083,730638.527083,152.527083,0.000000e+00,0.000000e+00,0.000000e+00,0.000000e+00,8.589239e-04,1.568100e-05,0.000000e+00
01/06/2000 12:40,0.027778,730638.527778,152.527778,0.000000e+00,0.000000e+00,0.000000e+00,0.000000e+00,8.839354e-04,1.569220e-05,0.000000e+00
01/06/2000 12:41,0.028472,730638.528472,152.528472,0.000000e+00,0.000000e+00,0.000000e+00,0.000000e+00,9.099870e-04,1.570317e-05,0.000000e+00
01/06/2000 12:42,0.029167,730638.529167,152.529167,0.000000e+00,0.000000e+00,0.000000e+00,0.000000e+00,9.346596e-04,1.571397e-05,0.000000e+00
01/06/2000 12:43,0.029861,730638.529861,152.529861,0.000000e+00,0.000000e+00,0.000000e+00,0.000000e+00,9.552854e-04,1.572455e-05,0.000000e+00
01/06/2000 12:44,0.030556,730638.530556,152.530556,0.000000e+00,0.000000e+00,0.000000e+00,0.000000e+00,9.818507e-04,1.573542e-05,0.000000e+00
01/06/2000 12:45,0.031250,730638.531250,152.531250,0.000000e+00,0.000000e+00,0.000000e+00,0.000000e+00,1.006839e-03,1.574618e-05,0.000000e+00
01/06/2000 12:46,0.031944,730638.531944,152.531944,0.000000e+00,0.000000e+00,0.000000e+00,0.000000e+00,1.029635e-03,1.575663e-05,0.000000e+00
01/06/2000 12:47,0.032639,730638.532639,152.532639,0.000000e+00,0.000000e+00,0.000000e+00,0.000000e+00,1.050515e-03,1.576685e-05,0.000000e+00
01/06/2000 12:48,0.033333,730638.533333,152.533333,0.000000e+00,0.000000e+00,0.000000e+00,0.000000e+00,1.074336e-03,1.577691e-05,0.000000e+00
01/06/2000 12:49,0.034028,730638.534028,152.534028,0.000000e+00,0.000000e+00,0.000000e+00,0.000000e+00,1.092615e-03,1.578657e-05,0.000000e+00
01/06/2000 12:50,0.034722,730638.534722,152.534722,0.000000e+00,0.000000e+00,0.000000e+00,0.000000e+00,1.110011e-03,1.579579e-05,0.000000e+00
01/06/2000 12:51,0.035417,730638.535417,152.535417,0.000000e+00,0.000000e+00,0.000000e+00,0.000000e+00,1.060242e-03,1.577694e-05,0.000000e+00
01/06/2000 12:52,0.036111,730638.536111,152.536111,0.000000e+00,0.000000e+00,0.000000e+00,0.000000e+00,9.288820e-04,1.559159e-05,0.000000e+00
01/06/2000 12:53,0.036806,730638.536806,152.536806,0.000000e+00,0.000000e+00,0.000000e+00,0.000000e+00,8.467026e-04,1.533591e-05,0.000000e+00
01/06/2000 12:54,0.037500,730638.537500,152.537500,0.000000e+00,0.000000e+00,0.000000e+00,0.000000e+00,7.834956e-04,1.516314e-05,0.000000e+00
01/06/2000 12:55,0.038194,730638.538194,152.538194,0.000000e+00,0.000000e+00,0.000000e+00,0.000000e+00,7.281308e-04,1.504900e-05,0.000000e+00
01/06/2000 12:56,0.038889,730638.538889,152.538889,0.000000e+00,0.000000e+00,0.000000e+00,0.000000e+00,6.789543e-04,1.496773e-05,0.000000e+00
01/06/2000 12:57,0.039583,730638.539583,152.539583,0.000000e+00,0.000000e+00,0.000000e+00,0.000000e+00,6.402804e-04,1.490783e-05,0.000000e+00
01/06/2000 12:58,0.040278,730638.540278,152.540278,0.000000e+00,0.000000e+00,0.000000e+00,0.000000e+00,5.995409e-04,1.486169e-05,0.000000e+00
01/06/2000 12:59,0.040972,730638.540972,152.540972,0.000000e+00,0.000000e+00,0.000000e+00,0.000000e+00,5.635650e-04,1.482538e-05,0.000000e+00
01/06/2000 13:00,0.041667,730638.541667,152.541667,0.000000e+00,0.000000e+00,0.000000e+00,0.000000e+00,5.265226e-04,1.479576e-05,0.000000e+00
