Date12[DDMMYYYYhhmm],snow_depth[mm],snow_water_equivalent[mm],Tair[C],Tsurface[C],Surface_Energy_balance[W/m2],Soil_heat_flux[W/m2],SWin[W/m2],SWbeam[W/m2],SWdiff[W/m2],LWin[W/m2]
15/10/2011 13:00,0.000000,0.000000,9.850000,25.132651,203.323074,203.323074,450.108429,384.293411,65.815018,295.995784
15/10/2011 14:00,0.000000,0.000000,2.200000,13.231640,73.740985,73.740985,390.652659,303.851653,86.801006,345.703521
15/10/2011 15:00,0.000000,0.000000,13.950000,10.906141,46.404532,46.404532,242.241035,165.534802,76.706233,321.379216
15/10/2011 16:00,0.000000,0.000000,-13.350000,-11.016419,-165.110258,-165.110258,80.253510,26.251288,54.002222,265.087187
15/10/2011 17:00,0.000000,0.000000,-46.650000,-39.387400,-454.265838,-454.265838,8.868134,0.023188,8.844946,184.896925
15/10/2011 18:00,0.000000,0.000000,-48.950000,-40.384312,-444.231088,-444.231088,0.606440,0.000000,0.606440,134.886629
15/10/2011 19:00,0.000000,0.000000,-49.700000,-36.789553,-389.855001,-389.855001,0.041471,0.000000,0.041471,133.523611
15/10/2011 20:00,0.000000,0.000000,-52.350000,-39.068689,-423.326996,-423.326996,0.002836,0.000000,0.002836,137.510644
15/10/2011 21:00,0.000000,0.000000,-53.150000,-36.885813,-408.168256,-408.168256,0.000194,0.000000,0.000194,134.169772
15/10/2011 22:00,0.000000,0.000000,-42.100000,-24.946033,-279.794915,-279.794915,0.000014,0.000000,0.000014,146.399318
15/10/2011 23:00,0.000000,0.000000,-48.000000,-31.256035,-356.848682,-356.848682,0.000001,0.000000,0.000001,161.193579
16/10/2011 00:00,0.000000,0.000000,-44.550000,-28.470537,-330.094136,-330.094136,0.000000,0.000000,0.000000,154.223216
16/10/2011 01:00,0.000000,0.000000,-38.300000,-20.017172,-234.173470,-234.173470,0.000000,0.000000,0.000000,165.312026
16/10/2011 02:00,0.000000,0.000000,-39.850000,-21.068902,-249.033366,-249.033366,0.000000,0.000000,0.000000,179.117681
16/10/2011 03:00,0.000000,0.000000,-40.450000,-26.866946,-322.004291,-322.004291,0.000000,0.000000,0.000000,177.330042
16/10/2011 04:00,0.000000,0.000000,-36.700000,-19.899743,-239.557555,-239.557555,0.000000,0.000000,0.000000,171.950836
16/10/2011 05:00,0.000000,0.000000,-30.250000,-14.005332,-168.023197,-168.023197,0.000000,0.000000,0.000000,192.651229
16/10/2011 06:00,0.000000,0.000000,-31.700000,-17.817159,-215.454259,-215.454259,2.331468,0.098174,2.233293,202.792381
16/10/2011 07:00,0.000000,0.000000,-35.750000,-14.435820,-173.362398,-173.362398,38.776593,5.668990,33.107603,191.400295
16/10/2011 08:00,0.000000,0.000000,-28.150000,-8.732185,-101.690774,-101.690774,108.562497,33.371150,75.191347,208.371964
16/10/2011 09:00,0.000000,0.000000,-10.300000,-0.429726,2.052852,2.052852,158.369027,48.025027,110.344000,250.216863
16/10/2011 10:00,0.000000,0.000000,28.450000,12.700436,164.858378,164.858378,175.793544,42.966472,132.827072,374.488238
16/10/2011 11:00,0.000000,0.000000,20.300000,16.665863,197.325140,197.325140,372.006532,244.500451,127.506081,340.952238
16/10/2011 12:00,0.000000,0.000000,27.400000,20.908096,199.078573,199.078573,562.523736,468.637780,93.885956,348.452255
16/10/2011 13:00,0.000000,0.000000,25.900000,19.324192,163.834018,163.834018,506.343956,396.915243,109.428713,359.562957
16/10/2011 14:00,0.000000,0.000000,16.300000,14.299712,144.452995,144.452995,402.001231,305.598365,96.402865,341.477729
16/10/2011 15:00,0.000000,0.000000,15.750000,11.860088,119.861926,119.861926,241.244089,157.935488,83.308601,328.411106
16/10/2011 16:00,0.000000,0.000000,7.450000,4.460771,44.777471,44.777471,74.437077,18.141675,56.295403,306.657607
16/10/2011 17:00,0.000000,0.000000,1.050000,-0.197664,-1.340596,-1.340596,8.142456,0.012140,8.130317,287.063254
16/10/2011 18:00,0.000000,0.000000,-4.050000,-3.783284,-43.355955,-43.355955,0.648044,0.000000,0.648044,264.677132
16/10/2011 19:00,0.000000,0.000000,-28.500000,-21.821916,-257.670506,-257.670506,0.051518,0.000000,0.051518,217.573898
16/10/2011 20:00,0.000000,0.000000,-41.450000,-32.530974,-391.069053,-391.069053,0.004104,0.000000,0.004104,169.187783
16/10/2011 21:00,0.000000,0.000000,-37.350000,-24.560227,-297.365033,-297.365033,0.000333,0.000000,0.000333,155.392321
16/10/2011 22:00,0.000000,0.000000,-39.600000,-26.716733,-326.240301,-326.240301,0.000028,0.000000,0.000028,166.814680
16/10/2011 23:00,0.000000,0.000000,-41.550000,-26.673969,-326.658760,-326.658760,0.000002,0.000000,0.000002,161.808026
17/10/2011 00:00,0.000000,0.000000,-36.650000,-21.970261,-266.181084,-266.181084,0.000000,0.000000,0.000000,166.874614
17/10/2011 01:00,0.000000,0.000000,-30.500000,-16.103724,-189.459166,-189.459166,0.000000,0.000000,0.000000,182.138279
17/10/2011 02:00,0.000000,0.000000,-25.600000,-12.559159,-142.009757,-142.009757,0.000000,0.000000,0.000000,199.565293
17/10/2011 03:00,0.000000,0.000000,2.655000,-4.450117,-37.449348,-37.449348,0.000000,0.000000,0.000000,257.447023
17/10/2011 04:00,0.000000,0.000000,2.455000,-3.499072,-25.147267,-25.147267,0.000000,0.000000,0.000000,274.651284
17/10/2011 05:00,0.000000,0.000000,2.055000,-3.412776,-23.986284,-23.986284,0.000000,0.000000,0.000000,276.430759
17/10/2011 06:00,0.000000,0.000000,1.855000,-3.275283,-22.202916,-22.202916,2.490548,0.107480,2.383067,276.939944
17/10/2011 07:00,0.000000,0.000000,1.655000,-1.209496,3.774207,3.774207,46.267113,10.825883,35.441230,277.417041
17/10/2011 08:00,0.000000,0.000000,1.255000,4.073711,69.434950,69.434950,154.821403,80.031373,74.790031,281.600377
17/10/2011 09:00,0.000000,0.000000,1.455000,9.542049,135.645824,135.645824,255.239075,147.643323,107.595752,295.130106
17/10/2011 10:00,0.000000,0.000000,3.755000,14.245757,190.645416,190.645416,330.084896,199.179244,130.905652,314.142660
17/10/2011 11:00,0.000000,0.000000,7.155000,17.319348,224.244773,224.244773,368.485505,224.242141,144.243364,332.309662
17/10/2011 12:00,0.000000,0.000000,10.755000,26.103740,325.849674,325.849674,552.189534,456.704208,95.485326,337.612416
17/10/2011 13:00,0.000000,0.000000,30.650000,27.404073,330.899350,330.899350,528.400752,426.010703,102.390049,382.390192
17/10/2011 14:00,0.000000,0.000000,24.500000,20.993801,245.887851,245.887851,385.604389,282.404608,103.199782,386.388297
17/10/2011 15:00,0.000000,0.000000,9.600000,11.080690,130.730291,130.730291,223.229518,137.182841,86.046677,345.644391
17/10/2011 16:00,0.000000,0.000000,-5.150000,-0.951105,-9.852918,-9.852918,68.367143,14.516530,53.850613,290.202815
17/10/2011 17:00,0.000000,0.000000,-13.000000,-7.717826,-90.390964,-90.390964,7.588572,0.009113,7.579459,246.160920
17/10/2011 18:00,0.000000,0.000000,-16.950000,-9.354446,-110.199611,-110.199611,0.615207,0.000000,0.615207,225.383888
17/10/2011 19:00,0.000000,0.000000,-32.050000,-15.471569,-184.526756,-184.526756,0.050151,0.000000,0.050151,202.903434
17/10/2011 20:00,0.000000,0.000000,-42.600000,-18.825818,-226.517900,-226.517900,0.004116,0.000000,0.004116,181.290631
17/10/2011 21:00,0.000000,0.000000,-46.000000,-20.369321,-246.712236,-246.712236,0.000342,0.000000,0.000342,172.862159
17/10/2011 22:00,0.000000,0.000000,-46.800000,-20.630552,-250.669850,-250.669850,0.000029,0.000000,0.000029,170.055610
17/10/2011 23:00,0.000000,0.000000,-43.450000,-19.287769,-233.652817,-233.652817,0.000002,0.000000,0.000002,173.083093
18/10/2011 00:00,0.000000,0.000000,-35.850000,-16.257546,-194.331860,-194.331860,0.000000,0.000000,0.000000,183.752574
18/10/2011 01:00,0.000000,0.000000,-35.100000,-15.762181,-186.269861,-186.269861,0.000000,0.000000,0.000000,191.082343
18/10/2011 02:00,0.000000,0.000000,-33.950000,-15.344343,-178.604788,-178.604788,0.000000,0.000000,0.000000,194.190661
18/10/2011 03:00,0.000000,0.000000,-34.350000,-15.536379,-178.159398,-178.159398,0.000000,0.000000,0.000000,195.390839
18/10/2011 04:00,0.000000,0.000000,-29.350000,-13.790542,-152.657785,-152.657785,0.000000,0.000000,0.000000,202.096520
18/10/2011 05:00,0.000000,0.000000,-33.600000,-15.316251,-168.692508,-168.692508,0.000000,0.000000,0.000000,201.029291
18/10/2011 06:00,0.000000,0.000000,-31.300000,-14.651981,-156.216799,-156.216799,1.634344,0.000000,1.634344,201.831458
18/10/2011 07:00,0.000000,0.000000,-36.500000,-15.580613,-163.934843,-163.934843,32.682525,3.437926,29.244599,197.583816
18/10/2011 08:00,0.000000,0.000000,-30.150000,-11.220920,-104.092626,-104.092626,93.929622,23.049122,70.880500,204.667347
18/10/2011 09:00,0.000000,0.000000,-11.250000,-2.501668,8.971347,8.971347,137.653574,32.806118,104.847456,244.859737
18/10/2011 10:00,0.000000,0.000000,28.850000,8.459543,145.944822,145.944822,154.053643,28.778927,125.274716,372.363643
18/10/2011 11:00,0.000000,0.000000,22.900000,15.295757,225.813116,225.813116,304.320396,166.766975,137.553421,370.615407
18/10/2011 12:00,0.000000,0.000000,8.650000,18.128779,247.415988,247.415988,543.335779,452.875850,90.459930,324.030925
18/10/2011 13:00,0.000000,0.000000,11.700000,15.030789,194.663429,194.663429,500.325711,390.401340,109.924371,334.676171
18/10/2011 14:00,0.000000,0.000000,7.600000,11.774897,158.112644,158.112644,362.523096,253.970235,108.552861,332.125658
18/10/2011 15:00,0.000000,0.000000,14.550000,12.397738,166.929015,166.929015,202.742903,112.144657,90.598246,343.439863
18/10/2011 16:00,0.000000,0.000000,-4.350000,-2.227446,-18.697916,-18.697916,63.711335,11.543842,52.167493,295.796706
18/10/2011 17:00,0.000000,0.000000,-16.050000,-12.049323,-141.345182,-141.345182,7.427396,0.005992,7.421405,238.652505
18/10/2011 18:00,0.000000,0.000000,3.050000,-2.399303,-19.065746,-19.065746,0.652926,0.000000,0.652926,257.695780
18/10/2011 19:00,0.000000,0.000000,-17.750000,-12.293155,-142.941677,-142.941677,0.057792,0.000000,0.057792,238.196182
18/10/2011 20:00,0.000000,0.000000,-38.800000,-28.189602,-342.279094,-342.279094,0.005117,0.000000,0.005117,192.414018
18/10/2011 21:00,0.000000,0.000000,-45.100000,-30.876032,-370.827968,-370.827968,0.000456,0.000000,0.000456,158.881966
18/10/2011 22:00,0.000000,0.000000,-44.550000,-30.017113,-351.045914,-351.045914,0.000041,0.000000,0.000041,156.051870
18/10/2011 23:00,0.000000,0.000000,-45.150000,-29.608187,-335.335197,-335.335197,0.000004,0.000000,0.000004,157.934971
19/10/2011 00:00,0.000000,0.000000,-48.150000,-24.935241,-264.350847,-264.350847,0.000000,0.000000,0.000000,156.909301
19/10/2011 01:00,0.000000,0.000000,-30.500000,-17.687676,-162.550543,-162.550543,0.000000,0.000000,0.000000,184.963926
19/10/2011 02:00,0.000000,0.000000,-19.700000,-12.784857,-94.583376,-94.583376,0.000000,0.000000,0.000000,215.246923
19/10/2011 03:00,0.000000,0.000000,-14.200000,-10.087918,-57.575708,-57.575708,0.000000,0.000000,0.000000,235.809281
19/10/2011 04:00,0.000000,0.000000,-8.900000,-8.157891,-31.960254,-31.960254,0.000000,0.000000,0.000000,253.072564
19/10/2011 05:00,0.000000,0.000000,-6.100000,-6.908065,-16.127218,-16.127218,0.000000,0.000000,0.000000,264.573251
19/10/2011 06:00,0.000000,0.000000,-0.700000,-5.507484,0.919514,0.919514,0.870195,0.000000,0.870195,280.859660
19/10/2011 07:00,0.000000,0.000000,-0.500000,-3.777345,21.405078,21.405078,16.902605,0.670390,16.232215,286.104595
19/10/2011 08:00,0.000000,0.000000,-3.100000,-3.729357,19.710663,19.710663,43.382183,1.824856,41.557326,285.790594
19/10/2011 09:00,0.000000,0.000000,3.750000,-1.663464,43.723546,43.723546,59.479673,2.149929,57.329744,303.629226
19/10/2011 10:00,0.000000,0.000000,6.500000,-0.084159,60.596698,60.596698,75.139664,2.714468,72.425196,315.056127
19/10/2011 11:00,0.000000,0.000000,11.550000,3.536899,102.858956,102.858956,122.772941,10.808842,111.964099,324.735554
19/10/2011 12:00,0.000000,0.000000,7.150000,4.443179,108.333887,108.333887,128.157761,11.139046,117.018715,321.364924
19/10/2011 13:00,0.000000,0.000000,-0.700000,1.879964,71.214809,71.214809,119.401748,10.381436,109.020313,302.820181
19/10/2011 14:00,0.000000,0.000000,15.400000,9.142461,150.109157,150.109157,63.462965,1.738354,61.724612,341.563670
19/10/2011 15:00,0.000000,0.000000,18.950000,10.961497,166.743673,166.743673,38.038989,0.906032,37.132957,368.590596
19/10/2011 16:00,0.000000,0.000000,14.500000,1.832900,54.337215,54.337215,13.485859,0.155097,13.330761,365.721803
19/10/2011 17:00,0.000000,0.000000,16.900000,9.819018,153.905752,153.905752,1.635962,0.000215,1.635747,349.339806
19/10/2011 18:00,0.000000,0.000000,12.650000,7.974546,124.216323,124.216323,0.149954,0.000000,0.149954,357.735614
19/10/2011 19:00,0.000000,0.000000,5.800000,0.004218,20.942022,20.942022,0.013662,0.000000,0.013662,337.357326
19/10/2011 20:00,0.000000,0.000000,0.500000,-1.689395,-1.110248,-1.110248,0.001238,0.000000,0.001238,305.906129
19/10/2011 21:00,0.000000,0.000000,-2.600000,-2.543095,-12.067238,-12.067238,0.000112,0.000000,0.000112,295.399981
19/10/2011 22:00,1.148928,0.138898,-0.300000,-1.705457,-1.504734,-1.504734,0.000010,0.000000,0.000010,299.123763
19/10/2011 23:00,3.194605,0.372302,-0.400000,-2.179725,-0.627975,-0.432991,0.000001,0.000000,0.000001,301.175393
20/10/2011 00:00,4.574375,0.564410,0.850000,-2.650417,-1.153892,-0.744070,0.000000,0.000000,0.000000,303.424963
20/10/2011 01:00,6.437279,0.818484,0.750000,-2.816760,-1.342635,-0.916754,0.000000,0.000000,0.000000,302.552124
20/10/2011 02:00,12.569582,1.496865,-0.500000,-3.330439,-2.089018,-1.325881,0.000000,0.000000,0.000000,299.695082
20/10/2011 03:00,13.622053,1.707701,0.750000,-3.236062,-2.223378,-1.156723,0.000000,0.000000,0.000000,300.363490
20/10/2011 04:00,19.908492,2.571146,-0.600000,-1.618686,-3.269293,0.047126,0.000000,0.000000,0.000000,297.852669
20/10/2011 05:00,24.564158,3.565179,-6.300000,-6.136439,-9.681367,-3.085437,0.000000,0.000000,0.000000,289.199995
20/10/2011 06:00,27.194395,4.430819,-4.700000,-5.009997,-1.821332,-3.090047,0.262025,0.000000,0.262025,283.258072
20/10/2011 07:00,27.873129,4.759590,-0.200000,-0.612863,8.957490,0.049158,5.312599,0.068900,5.243698,296.164677
20/10/2011 08:00,28.820921,5.230160,-3.100000,-3.093384,-5.192122,-1.326730,15.973688,0.212086,15.761602,299.655532
20/10/2011 09:00,29.668096,5.645804,-2.150000,-2.255362,0.199876,-0.991120,26.175708,0.288216,25.887492,296.688563
20/10/2011 10:00,29.970263,5.782392,-4.550000,-4.432187,-8.263721,-2.906785,35.609369,0.372776,35.236593,293.201581
20/10/2011 11:00,30.156536,5.872702,-4.350000,-4.343825,-4.300933,-3.244915,44.097951,0.472400,43.625552,288.594579
20/10/2011 12:00,27.938021,5.977206,0.850000,-0.000033,50.088872,1.727236,46.958363,0.450138,46.508225,300.560480
20/10/2011 13:00,28.059832,6.035349,-0.500000,-0.452442,-6.759947,1.788094,44.995974,0.388197,44.607777,307.037132
20/10/2011 14:00,28.120353,6.066379,-0.100000,-0.120275,-1.812764,1.794665,122.879308,17.556322,105.322985,291.088809
20/10/2011 15:00,28.115426,6.043309,-5.550000,-4.933237,-42.263831,-1.269192,111.321258,6.769070,104.552187,279.768755
20/10/2011 16:00,28.048773,6.029630,-12.750000,-12.093924,-39.025550,-11.578915,63.003781,0.602813,62.400968,254.829521
20/10/2011 17:00,28.046043,6.030389,-12.000000,-12.052144,-19.121193,-13.275252,25.331684,0.000535,25.331149,241.491016
20/10/2011 18:00,28.043467,6.031526,-12.800000,-12.899985,-19.102980,-14.449225,9.870607,0.000000,9.870607,240.279039
20/10/2011 19:00,28.023486,6.027681,-17.250000,-16.834882,-31.994512,-18.790130,3.843148,0.000000,3.843148,230.799695
20/10/2011 20:00,28.012275,6.025671,-18.800000,-18.488876,-29.985192,-21.250551,1.495232,0.000000,1.495232,220.813555
20/10/2011 21:00,28.009595,6.042999,-7.650000,-10.410927,5.972614,-13.115117,0.581365,0.000000,0.581365,238.734331
20/10/2011 22:00,28.006947,6.045555,-11.600000,-11.880492,-15.307988,-13.328430,0.225906,0.000000,0.225906,246.677094
20/10/2011 23:00,28.000516,6.044676,-14.200000,-14.131574,-23.670765,-15.740821,0.087715,0.000000,0.087715,239.077260
21/10/2011 00:00,27.998248,6.045768,-14.400000,-14.499228,-20.434232,-16.522204,0.034033,0.000000,0.034033,234.515642
21/10/2011 01:00,27.996045,6.046681,-14.800000,-14.918557,-20.508342,-17.086412,0.013195,0.000000,0.013195,233.286043
21/10/2011 02:00,27.993465,6.055353,-10.100000,-11.487429,-6.084327,-13.525339,0.005113,0.000000,0.005113,241.591571
21/10/2011 03:00,27.990881,6.058459,-11.650000,-11.950092,-14.690105,-13.428210,0.001980,0.000000,0.001980,245.489849
21/10/2011 04:00,27.987951,6.068368,-8.300000,-9.298884,-4.596929,-10.584565,0.000766,0.000000,0.000766,251.401361
21/10/2011 05:00,27.985175,6.070552,-10.550000,-10.743591,-15.680160,-11.660225,0.000296,0.000000,0.000296,252.462481
21/10/2011 06:00,27.982194,6.078856,-8.350000,-9.013276,-6.906725,-9.989501,0.801966,0.000000,0.801966,254.139499
21/10/2011 07:00,27.978865,6.088682,-6.150000,-6.940608,-2.036807,-7.503803,18.636320,0.844580,17.791739,262.413427
21/10/2011 08:00,27.974156,6.114867,2.900000,-0.273721,21.628237,0.045336,59.976566,3.570198,56.406368,287.398451
21/10/2011 09:00,27.165979,6.116239,6.850000,-0.000058,18.652759,2.096831,106.270350,7.195086,99.075264,312.002561
21/10/2011 10:00,21.456283,5.022416,33.150000,-0.000018,117.307964,2.091245,137.781896,7.304055,130.477842,395.233373
21/10/2011 11:00,16.619951,3.893803,15.900000,-0.000016,100.029707,2.091214,441.809143,293.489655,148.319487,308.446276
21/10/2011 12:00,15.440079,3.618224,-2.800000,-0.000027,22.886257,2.055204,561.447568,300.184991,261.262577,272.462019
21/10/2011 13:00,15.439601,3.571909,-22.350000,-17.931297,-79.040132,-20.675242,576.572316,281.029671,295.542645,237.275068
21/10/2011 14:00,15.349014,3.551077,-15.900000,-14.625096,-18.387735,-19.093068,390.714770,77.138872,313.575899,216.836117
21/10/2011 15:00,15.347860,3.569882,0.400000,-0.658922,26.172589,-0.064689,238.379120,24.892678,213.486442,255.940044
21/10/2011 16:00,15.346768,3.570336,-2.200000,-2.368998,-3.118975,-1.294484,114.985689,1.106301,113.879388,279.068496
21/10/2011 17:00,15.300553,3.559705,-20.450000,-15.066875,-44.875331,-18.664224,44.693107,0.000435,44.692672,240.846880
21/10/2011 18:00,15.267415,3.552061,-26.000000,-25.069101,-57.456180,-33.268806,16.989748,0.000000,16.989748,206.910182
21/10/2011 19:00,15.248086,3.547606,-34.050000,-32.783182,-65.590817,-44.558100,6.454688,0.000000,6.454688,178.780192
21/10/2011 20:00,15.247732,3.558221,-14.450000,-19.099658,-5.047289,-26.465049,2.451218,0.000000,2.451218,195.651985
21/10/2011 21:00,15.247286,3.560544,-8.100000,-15.742886,-15.716730,-20.877403,0.930549,0.000000,0.930549,231.134148
21/10/2011 22:00,15.246701,3.571774,-7.350000,-10.910933,-6.113491,-13.914622,0.353092,0.000000,0.353092,239.382463
21/10/2011 23:00,15.245973,3.584502,-1.200000,-7.130124,-1.715376,-8.352496,0.133905,0.000000,0.133905,262.542835
22/10/2011 00:00,15.245077,3.602410,2.250000,-3.457742,4.014782,-2.992597,0.050748,0.000000,0.050748,278.870482
22/10/2011 01:00,13.314694,3.344628,5.800000,-0.000025,49.287706,2.518670,0.019218,0.000000,0.019218,296.042533
22/10/2011 02:00,12.181207,3.060335,5.200000,-0.000024,30.434846,2.565506,0.007270,0.000000,0.007270,302.691894
22/10/2011 03:00,9.602068,2.413333,8.850000,-0.000016,63.396510,2.524345,0.002745,0.000000,0.002745,312.715791
22/10/2011 04:00,7.277381,1.829955,7.200000,-0.000015,57.218927,2.490665,0.001034,0.000000,0.001034,310.406016
22/10/2011 05:00,7.163087,1.801322,1.600000,-0.000033,6.831653,2.458415,0.000382,0.000000,0.000382,296.916577
22/10/2011 06:00,7.162942,1.794966,-6.800000,-6.312779,-24.815740,-7.305633,0.861304,0.000000,0.861304,278.739212
22/10/2011 07:00,7.162806,1.796420,-6.900000,-7.033416,-11.228982,-9.119371,20.815785,1.085284,19.730501,265.077263
22/10/2011 08:00,7.162637,1.799644,-3.050000,-3.353113,0.187523,-3.141975,69.028400,7.170408,61.857992,272.273172
22/10/2011 09:00,7.162637,0.900388,6.300000,-0.000010,88.892342,2.526764,118.484855,13.436596,105.048259,303.002154
22/10/2011 10:00,0.000000,0.000000,36.650000,7.881285,117.160303,117.160303,147.721359,12.615259,135.106100,409.315366
22/10/2011 11:00,0.000000,0.000000,27.700000,23.057565,291.856944,291.856944,533.222263,419.766717,113.455546,341.117295
22/10/2011 12:00,0.000000,0.000000,7.650000,17.117877,214.905244,214.905244,533.583647,421.899493,111.684154,340.938696
22/10/2011 13:00,0.000000,0.000000,4.550000,21.018659,266.519786,266.519786,467.775764,358.669644,109.106120,318.662999
22/10/2011 14:00,0.000000,0.000000,-4.750000,7.355244,92.288651,92.288651,343.370335,242.023817,101.346519,319.642615
22/10/2011 15:00,0.000000,0.000000,-15.150000,-6.197635,-71.323194,-71.323194,195.172033,113.405533,81.766500,263.733482
22/10/2011 16:00,0.000000,0.000000,-47.450000,-37.277341,-460.698999,-460.698999,54.410075,8.045914,46.364162,195.502345
22/10/2011 17:00,0.000000,0.000000,-61.100000,-51.216558,-637.830147,-637.830147,5.874174,0.000236,5.873939,131.536317
22/10/2011 18:00,0.000000,0.000000,-41.450000,-32.931083,-393.643928,-393.643928,0.519189,0.000000,0.519189,126.670019
22/10/2011 19:00,0.000000,0.000000,-51.600000,-39.894460,-471.600300,-471.600300,0.047230,0.000000,0.047230,144.847888
22/10/2011 20:00,0.000000,0.000000,-41.250000,-31.404466,-347.076506,-347.076506,0.004354,0.000000,0.004354,143.548292
22/10/2011 21:00,0.000000,0.000000,-40.800000,-28.655960,-298.684552,-298.684552,0.000407,0.000000,0.000407,157.601275
22/10/2011 22:00,0.000000,0.000000,-33.600000,-20.896328,-187.753068,-187.753068,0.000038,0.000000,0.000038,170.505745
22/10/2011 23:00,0.000000,0.000000,-30.350000,-19.315015,-160.261572,-160.261572,0.000004,0.000000,0.000004,188.771951
23/10/2011 00:00,0.000000,0.000000,-19.850000,-13.717170,-82.897526,-82.897526,0.000000,0.000000,0.000000,207.566754
23/10/2011 01:00,0.000000,0.000000,-10.100000,-10.240872,-36.297277,-36.297277,0.000000,0.000000,0.000000,236.466640
23/10/2011 02:00,0.000000,0.000000,-5.850000,-8.711642,-16.760540,-16.760540,0.000000,0.000000,0.000000,253.257779
23/10/2011 03:00,0.000000,0.000000,-8.150000,-9.012562,-21.439548,-21.439548,0.000000,0.000000,0.000000,253.023600
23/10/2011 04:00,0.000000,0.000000,-9.300000,-9.309739,-25.827234,-25.827234,0.000000,0.000000,0.000000,251.429269
23/10/2011 05:00,0.000000,0.000000,-5.050000,-8.109191,-10.956283,-10.956283,0.000000,0.000000,0.000000,260.851074
23/10/2011 06:00,0.000000,0.000000,-3.800000,-6.963744,2.498829,2.498829,0.775986,0.000000,0.775986,267.371062
23/10/2011 07:00,0.000000,0.000000,-2.850000,-5.893210,14.373172,14.373172,18.500019,0.909275,17.590744,273.205815
23/10/2011 08:00,0.000000,0.000000,-6.150000,-5.559906,16.354872,16.354872,56.823540,4.606387,52.217153,269.702043
23/10/2011 09:00,0.000000,0.000000,-2.200000,-2.946621,47.230614,47.230614,86.868432,7.129315,79.739116,280.329828
23/10/2011 10:00,0.000000,0.000000,29.000000,3.678905,127.515522,127.515522,106.165732,8.110841,98.054891,367.556378
23/10/2011 11:00,0.000000,0.000000,25.900000,12.654291,233.423510,233.423510,344.806819,228.714175,116.092645,331.387318
23/10/2011 12:00,0.000000,0.000000,2.900000,10.343885,191.530043,191.530043,347.818426,206.501435,141.316992,317.893078
23/10/2011 13:00,0.000000,0.000000,-0.850000,7.000817,139.354560,139.354560,317.904186,186.867465,131.036721,297.455758
23/10/2011 14:00,0.000000,0.000000,5.250000,5.433411,113.338555,113.338555,206.715627,86.908475,119.807152,308.990674
23/10/2011 15:00,0.000000,0.000000,8.150000,5.722465,115.483930,115.483930,109.714692,28.061909,81.652783,318.416362
23/10/2011 16:00,0.000000,0.000000,19.300000,14.772269,233.980712,233.980712,30.855434,0.779536,30.075898,352.440492
23/10/2011 17:00,0.000000,0.000000,14.950000,1.360059,46.479926,46.479926,3.525954,0.000000,3.525954,341.650532
23/10/2011 18:00,0.000000,0.000000,-9.300000,-6.311625,-51.591712,-51.591712,0.323361,0.000000,0.323361,269.559009
23/10/2011 19:00,0.000000,0.000000,-18.900000,-12.076492,-123.266305,-123.266305,0.029596,0.000000,0.029596,236.425184
23/10/2011 20:00,0.000000,0.000000,-22.200000,-14.899553,-155.627036,-155.627036,0.002713,0.000000,0.002713,220.301814
23/10/2011 21:00,0.000000,0.000000,-30.800000,-21.513876,-234.926141,-234.926141,0.000250,0.000000,0.000250,203.506857
23/10/2011 22:00,0.000000,0.000000,-27.150000,-14.311239,-135.697641,-135.697641,0.000023,0.000000,0.000023,197.032518
23/10/2011 23:00,0.000000,0.000000,-22.450000,-14.649225,-135.475564,-135.475564,0.000002,0.000000,0.000002,218.384531
24/10/2011 00:00,0.000000,0.000000,-29.700000,-18.382763,-178.268330,-178.268330,0.000000,0.000000,0.000000,208.041274
24/10/2011 01:00,0.000000,0.000000,-20.450000,-12.956464,-102.849973,-102.849973,0.000000,0.000000,0.000000,215.771353
24/10/2011 02:00,0.000000,0.000000,-15.450000,-11.084123,-75.659056,-75.659056,0.000000,0.000000,0.000000,235.746195
24/10/2011 03:00,0.000000,0.000000,-18.050000,-12.241748,-88.104083,-88.104083,0.000000,0.000000,0.000000,235.930227
24/10/2011 04:00,0.000000,0.000000,-18.050000,-12.201800,-84.808166,-84.808166,0.000000,0.000000,0.000000,234.609713
24/10/2011 05:00,0.000000,0.000000,-12.950000,-10.311154,-58.165098,-58.165098,0.000000,0.000000,0.000000,244.964850
24/10/2011 06:00,0.000000,0.000000,-12.950000,-9.940316,-52.035874,-52.035874,0.525824,0.000000,0.525824,249.823634
24/10/2011 07:00,0.000000,0.000000,-7.550000,-7.283740,-17.186261,-17.186261,12.612412,0.447438,12.164974,262.365174
24/10/2011 08:00,0.000000,0.000000,-8.800000,-6.392322,-6.346471,-6.346471,38.521361,1.604038,36.917323,266.393621
24/10/2011 09:00,0.000000,0.000000,-4.450000,-3.960135,23.546388,23.546388,58.381196,2.239928,56.141268,278.524142
24/10/2011 10:00,0.000000,0.000000,-2.200000,-2.582594,38.725160,38.725160,68.339879,2.347180,65.992699,289.842081
24/10/2011 11:00,0.000000,0.000000,3.050000,0.226378,71.876859,71.876859,75.407582,2.531145,72.876437,305.113257
24/10/2011 12:00,0.000000,0.000000,4.450000,0.986507,76.767745,76.767745,110.341360,7.816031,102.525329,307.905965
