date,AirT,relH,Iprec,WindDir,WindSp,rad
10820100000,6.1,100,0,11.1,0.2,0
10820100100,5.5,100,0,74,0.4,0
10820100200,5.2,100,0,72.3,0.5,0
10820100300,4.9,100,0,72,0.6,0
10820100400,4.6,100,0,72.8,0.7,0
10820100500,4.2,100,0,74,0.7,0
10820100600,4.2,100,0,75.5,0.7,5.56
10820100700,5.9,98.9,0,72.5,0.7,136.11
10820100800,10.2,94.7,0,282,0.4,341.67
10820100900,15.7,77.5,0,244.5,1.9,522.22
10820101000,15,73.2,0,254,2.6,669.44
10820101100,16.2,68.9,0,248.3,2.5,763.89
10820101200,17.9,61.1,0,252.8,2.9,802.78
10820101300,18.6,59.2,0,262.4,2.2,836.11
10820101400,19.1,61.1,0,298.8,1.6,675
10820101500,19.5,61.6,0,319.5,2,652.78
10820101600,19.8,61.7,0,261,1.7,683.33
10820101700,18.6,65.6,0,308.2,1.8,436.11
10820101800,17.4,70.6,0,152.5,1.7,236.11
10820101900,15.5,81.8,0,55.3,0.8,52.78
10820102000,13.8,91,0,44.2,0.8,8.33
10820102100,12.5,98.3,0,57.7,0.9,0
10820102200,11.5,99.9,0,69.2,0.4,0
10820102300,10,100,0,77.8,0.5,0
20820100000,9.1,100,0,78.8,0.7,0
20820100100,8.4,100,0,78.5,0.6,0
20820100200,7.7,100,0,75,0.7,0
20820100300,7.1,100,0,78.8,0.7,0
20820100400,6.8,100,0,77.3,0.7,0
20820100500,6.4,100,0,78.3,0.8,0
20820100600,6.3,100,0,78.5,0.8,8.33
20820100700,7.6,99,0,76.3,0.8,130.56
20820100800,11.3,93.3,0,90,0.9,327.78
20820100900,16.3,79.2,0,255,1.7,505.56
20820101000,17.8,67.8,0,248.8,2.4,658.33
20820101100,17.6,66,0,276.2,1.9,647.22
20820101200,18.3,62.1,0,282.6,1.3,580.56
20820101300,18.4,60,0,353.5,1.3,425
20820101400,17.3,65.8,0,274.7,1.9,311.11
20820101500,18.5,66.9,0,6.4,1.9,647.22
20820101600,18.4,68.4,0,236.4,2.1,619.44
20820101700,18,71.2,0,184.7,1.6,461.11
20820101800,17.3,73.1,0,52.7,1.3,244.44
20820101900,15.4,81.6,0,87,0.9,58.33
20820102000,14.1,89.7,0,80.1,0.6,5.56
20820102100,12.7,95.5,0,42.7,0.4,0
20820102200,12.2,98.7,0,46.8,0.4,0
20820102300,11.9,98.4,0,56,0.8,0
30820100000,11.1,99.8,0,51.9,0.6,0
30820100100,10.6,100,0,17.8,0.4,0
30820100200,10.9,100,0,97.1,0.2,0
30820100300,10.8,100,0,40.2,0.2,0
30820100400,10.7,100,0,73.9,0.2,0
30820100500,10.4,100,0,91.9,0.1,0
30820100600,10.5,100,2.8,233,0.3,0
30820100700,10.3,100,0.6,256,0.3,16.67
30820100800,10.3,100,0,136.9,0.6,47.22
30820100900,10.5,100,0,249,0.2,116.67
30820101000,12.5,99.9,0,281.5,0.3,294.44
30820101100,15.3,89.6,0,244.8,1,586.11
30820101200,17.1,69.9,0,246.5,2.1,858.33
30820101300,17.1,62.3,0,244.3,2.4,730.56
30820101400,18.1,55.9,0,317.3,2.4,863.89
30820101500,17.3,64.6,0,52.1,1.4,625
30820101600,14.4,78.6,0,63.8,1.2,155.56
30820101700,13.8,74.6,0,68.8,1,127.78
30820101800,14.3,73.6,0,97.9,0.7,169.44
30820101900,14,75.5,0,10.7,1,108.33
30820102000,12.1,81.8,0,67.4,0.8,22.22
30820102100,10.8,85.2,0,50.4,0.2,0
30820102200,10.6,92.3,0,65.3,0.6,0
30820102300,10.8,90.4,0,53.8,0.5,0
40820100000,9.4,93.3,0,61.4,0.5,0
40820100100,9,93.6,0,28.2,0.2,0
40820100200,8.7,95.6,0,53.5,0.3,0
40820100300,7.3,98.4,0,58.8,0.4,0
40820100400,5.8,100,0,62.2,0.3,0
40820100500,4.7,100,0,72,0.4,0
40820100600,4.2,100,0,78.5,0.2,5.56
40820100700,5.9,95.9,0,78.3,0.8,125
40820100800,9.6,88.5,0,137.7,0.5,333.33
40820100900,14,69,0,240.5,1.1,452.78
40820101000,14.1,60.9,0,313.1,1.6,475
40820101100,12.9,64.6,0,20.7,1.7,294.44
40820101200,13.3,67.1,0,205.2,1.4,436.11
40820101300,13.1,70.6,0,243.9,1.6,358.33
40820101400,14.2,68.8,0,329.9,1.9,594.44
40820101500,14.8,67.3,0,145.4,1.5,652.78
40820101600,14.4,68.7,0,85.5,1.3,369.44
40820101700,13.2,73.1,0,27.1,1.5,152.78
40820101800,12.6,77.8,0,66.2,1.1,116.67
40820101900,11.7,81.5,0,44.3,1,41.67
40820102000,11.3,85.7,0,78.1,1,2.78
40820102100,10.9,89.7,0,78.2,1,0
40820102200,10.7,90.5,0,76.4,0.7,0
40820102300,10.3,92.3,0,321.8,0.5,0
50820100000,10.1,92.2,0,45.5,0.7,0
50820100100,10.1,90.5,0,21.9,0.5,0
50820100200,9.8,92.1,0,85.5,0.7,0
50820100300,9.9,92.4,0,79.2,0.4,0
50820100400,9.6,92.7,0,67,1.1,0
50820100500,9.7,90.4,0,65,0.8,0
50820100600,9.6,91.2,0,68.7,1.3,0
50820100700,9.8,90.9,0,59,1.3,47.22
50820100800,10.4,81,0,86.5,0.9,105.56
50820100900,10.6,81,0.4,40,0.9,141.67
50820101000,9.4,97.5,0.8,338.4,0.6,141.67
50820101100,9,100,3,254.8,0.9,130.56
50820101200,8.1,100,2.8,252,1,83.33
50820101300,7.8,100,3.6,258.8,0.8,100
50820101400,7.8,100,3,251.3,0.9,55.56
50820101500,7.5,100,2.2,259,1.2,63.89
50820101600,7.1,100,1.2,245.4,1.8,72.22
50820101700,6.7,100,2,245.5,1,44.44
50820101800,6.6,100,0.6,243.3,0.9,38.89
50820101900,6.6,100,1.4,238,0.9,19.44
50820102000,6.4,100,1.2,244,1.3,0
50820102100,6.1,100,0.6,250.2,1.5,0
50820102200,5.7,100,0,253.5,1.6,0
50820102300,5.4,100,0,246.4,1.3,0
60820100000,5,100,0,166.8,0.4,0
60820100100,4.8,100,0,53.3,0.3,0
60820100200,4.2,100,0,63.8,0.4,0
60820100300,3.7,100,0,59,0.2,0
60820100400,3.3,100,0,56.5,0.3,0
60820100500,2.8,100,0,73,0.1,0
60820100600,2.7,100,0.2,130,0.2,25
60820100700,3.9,100,0,110.8,0.1,83.33
60820100800,7.3,100,0,134.6,0.3,277.78
60820100900,7.9,100,0,202.3,0.7,161.11
60820101000,9.3,99.2,0,227.9,1.1,322.22
60820101100,10.9,90.2,0,323.9,1.2,475
60820101200,9.1,97.1,0,52.1,0.4,155.56
60820101300,10,97.8,0,338,1.1,238.89
60820101400,9.5,95.3,0,283.9,1,166.67
60820101500,10.2,91.8,0,286.6,1.2,305.56
60820101600,11.1,83.5,0,277.9,1,272.22
60820101700,11.5,76.8,0,250.5,1.5,333.33
60820101800,12.2,67.2,0,309.7,1.2,255.56
60820101900,9.6,80,0,354.3,0.6,69.44
60820102000,7.1,96.4,0,35.7,0.4,5.56
60820102100,5.5,99.8,0,60.6,0.5,0
60820102200,4.8,100,0,47,0.5,0
60820102300,3.9,100,0,64.6,0.3,0
70820100000,2.7,100,0,53.4,0.3,0
70820100100,2.3,100,0,72.5,0.4,0
70820100200,2.2,100,0,93.5,0.2,0
70820100300,2.6,100,0,76,0.3,0
70820100400,2.1,100,0,70.8,0.3,0
70820100500,1.7,100,0,76,0.3,0
70820100600,1.5,100,0,81,0.4,5.56
70820100700,2.9,100,0,68.1,0.6,113.89
70820100800,7.2,97.2,0,38.6,0.4,286.11
70820100900,11.4,81,0,220.2,1.2,494.44
70820101000,13.3,64.2,0,248.5,2.7,627.78
70820101100,13.6,62.4,0,247.8,2.3,647.22
70820101200,13.6,63.7,0,248.8,2.7,436.11
70820101300,14.2,61.6,0,250.3,2,402.78
70820101400,15.1,61.2,0,257.7,1.6,425
70820101500,15.5,59.9,0,250.8,1.8,363.89
70820101600,16.5,53.9,0,256,1.9,536.11
70820101700,16.3,56.2,0,333.2,0.9,344.44
70820101800,13.5,75.2,0,2.8,0.6,113.89
70820101900,12.2,77.2,0,22.4,0.4,38.89
70820102000,10.7,86.8,0,56.1,0.5,2.78
70820102100,9.5,94.6,0,74.3,0.7,0
70820102200,8.1,97.4,0,76.8,0.5,0
70820102300,7.4,99.9,0,79,0.5,0
80820100000,6.5,100,0,72.8,0.6,0
80820100100,5.9,100,0,77,0.6,0
80820100200,5.4,100,0,73.8,0.7,0
80820100300,5,100,0,73,0.6,0
80820100400,4.7,100,0,72.5,0.6,0
80820100500,4.3,100,0,72.5,0.6,0
80820100600,4.3,100,0,74.3,0.7,2.78
80820100700,5.6,99.2,0,78.3,0.8,108.33
80820100800,9.7,92.9,0,58.1,0.5,322.22
80820100900,16.8,68.8,0,250,2,508.33
80820101000,19,57.3,0,255.8,2.8,658.33
80820101100,19.5,47.9,0,253.3,2.2,494.44
80820101200,18,58.6,0,254.8,3.1,741.67
80820101300,21.4,55.5,0,41.5,1.5,777.78
80820101400,20.4,61.4,0,130.7,1.8,638.89
80820101500,19.8,59.6,0,51.3,1.8,511.11
80820101600,20.2,61.6,0.2,71,1.1,183.33
80820101700,17.5,76.1,0,57.5,1,250
80820101800,13.6,90.5,1.8,66.5,1.5,69.44
80820101900,11.7,96,22.2,136.4,1.6,8.33
80820102000,8.3,100,0.2,45.8,0.6,0
80820102100,7,100,0,50.7,0.3,0
80820102200,6.2,100,0,56.3,0.2,0
80820102300,5.6,100,0,73.7,0.2,0
90820100000,5.4,100,0,99.9,0.3,0
90820100100,5.9,100,0,94.4,0.3,0
90820100200,6.4,100,0,73.8,0.3,0
90820100300,6.2,100,0,83.5,0.5,0
90820100400,5.4,100,0.2,83,0.5,0
90820100500,5,100,0,83.3,0.3,0
90820100600,5.1,100,0,84.5,0.5,8.33
90820100700,6,100,0,78,0.5,100
90820100800,8.3,100,0,56.1,0.4,297.22
90820100900,12.9,99.7,0,161.9,0.4,486.11
90820101000,16.1,84.4,0,177.2,0.5,650
90820101100,17.3,76.9,0,214,0.7,755.56
90820101200,17.8,68.9,0,248.3,1.5,811.11
90820101300,16.2,73.3,0,325.3,1.4,663.89
90820101400,16.9,70.4,0,161,1.4,655.56
90820101500,16.2,71.5,0,50.5,1.1,450
90820101600,15.4,75.9,0,155.2,1.3,225
90820101700,15.1,77.5,0,36,1.4,247.22
90820101800,14.3,83,0,115.9,1.2,136.11
90820101900,13.5,88.5,0,52,0.8,50
90820102000,11.7,98.4,0,52.7,0.6,0
90820102100,11.2,100,0,58,0.6,0
90820102200,10.5,100,0,64.5,0.4,0
90820102300,9.4,100,0,51.6,0.4,0
100820100000,8.7,100,0,83.2,0.4,0
100820100100,8.3,100,0,78.9,0.4,0
100820100200,7.9,100,0,75.7,0.5,0
100820100300,7.3,100,0,75.7,0.6,0
100820100400,6.8,100,0,78,0.7,0
100820100500,6.4,100,0,80.3,0.7,0
100820100600,6.4,100,0,82.3,0.3,2.78
100820100700,7.8,100,0,77.5,0.6,66.67
100820100800,11.1,97.9,0,82.8,0.4,283.33
100820100900,16.2,81.7,0,221.9,1.4,477.78
100820101000,15.6,76.6,0,304.4,1.7,411.11
100820101100,17,71.5,0,256,1.6,741.67
100820101200,15.6,74.3,1.8,8,0.4,333.33
100820101300,13.9,91.9,1.8,19,0.6,186.11
100820101400,11.9,100,3.8,342.8,0.6,100
100820101500,11,100,0.6,40.5,0.8,36.11
100820101600,10.9,100,0.2,43.7,1.1,111.11
100820101700,11.6,99.9,0,49.6,1.4,269.44
100820101800,10.8,100,0,43,0.9,91.67
100820101900,9.6,100,0,14.7,0.3,55.56
100820102000,9,100,0,48,0.1,5.56
100820102100,8.7,100,0,47,0.3,0
100820102200,7.8,100,0,74.3,0.4,0
100820102300,8,100,0.2,57.4,0.6,0
110820100000,8.4,100,0,126,0.1,0
110820100100,8.3,100,0,84.5,0.1,0
110820100200,8,100,0,58,0.2,0
110820100300,7.9,100,0,45.8,0.2,0
110820100400,6.9,100,0,75.3,0.3,0
110820100500,6.4,100,0,81.2,0.3,0
110820100600,6.4,100,0,76.3,0.5,13.89
110820100700,7.6,100,0,72.1,0.1,86.11
110820100800,10.3,100,0,18.9,0.1,150
110820100900,13.3,100,0,265.5,0.3,350
110820101000,15.8,89.9,0,249.1,1.4,444.44
110820101100,16.2,79.8,0,256.4,1.7,688.89
110820101200,17.6,68.6,0,318.7,1.9,708.33
110820101300,18.3,58.8,0,213.5,2,783.33
110820101400,17.9,59.2,0,277.8,1.8,516.67
110820101500,18.2,63.8,0,269.1,1.3,555.56
110820101600,15.7,81.7,0,77.7,0.6,108.33
110820101700,14.4,95.6,0,69.7,0.5,108.33
110820101800,14.2,94.4,0,42.6,1.2,88.89
110820101900,13.2,89.2,0,40.7,0.3,27.78
110820102000,11.2,99.5,0,43.4,0.3,2.78
110820102100,9.6,100,0,6.1,0.2,0
110820102200,9.3,100,0,36.5,0.2,0
110820102300,9.9,100,0,72.5,1.1,0
120820100000,10.7,100,0,72.3,1.6,0
120820100100,11,97.3,0,70.8,1.5,0
120820100200,10.6,98.2,0,71.8,1.7,0
120820100300,10.4,96.1,0,69,1.7,0
120820100400,10.1,91.4,0,70.3,1.8,0
120820100500,9.8,88.8,0,70,1.9,0
120820100600,10,86.1,0,71.8,1.6,2.78
120820100700,10.1,90.1,2,11.9,1,13.89
120820100800,9.6,97.4,1.4,320.7,0.3,30.56
120820100900,9.3,100,0,42.4,0.5,91.67
120820101000,11.4,99.9,0,210.5,0.5,275
120820101100,12.8,100,0,13.5,0.2,277.78
120820101200,11.9,100,0.6,327.3,0.5,75
120820101300,11.3,100,0,47.1,1.3,113.89
120820101400,13.9,92.1,0,282.8,1.1,686.11
120820101500,14.9,81.9,0,50.4,0.8,336.11
120820101600,13,91,0,73.2,0.8,125
120820101700,12.7,94.3,0,29,0.5,61.11
120820101800,12.1,98.1,0,40.5,0.4,47.22
120820101900,10.8,100,0,59.3,0.5,11.11
120820102000,10.1,100,0,47,0.6,0
120820102100,9.8,100,0,68.8,0.9,0
120820102200,9.8,100,0,56.4,0.9,0
120820102300,9.8,100,0,77.5,1.1,0
130820100000,9.4,100,0,59.5,0.4,0
130820100100,9.1,100,0.2,87.3,0.5,0
130820100200,9.2,100,15.2,244,1.3,0
130820100300,8.3,100,0.8,61.2,0.4,0
130820100400,7.5,100,0,70,0.3,0
130820100500,7.2,100,0,39,0.2,0
130820100600,7,100,0,133.6,0.3,2.78
130820100700,7.5,100,0,173.7,0.3,50
130820100800,8.7,100,0,200.4,0.5,116.67
130820100900,9.8,100,0.2,302.9,0.4,130.56
130820101000,10.1,100,2.8,250.7,1.3,211.11
130820101100,10.3,100,2.8,227.8,0.9,127.78
130820101200,9,100,3.8,291.4,0.2,72.22
130820101300,9.3,100,0.4,81.8,0.2,91.67
130820101400,10.4,100,0.6,54.8,0.4,155.56
130820101500,10.4,100,0.6,29.7,0.3,127.78
130820101600,10.2,100,0,44.8,0.8,88.89
130820101700,10.5,100,0,12.7,0.5,113.89
130820101800,10.4,100,0,253,0.9,66.67
130820101900,9.6,100,0,249.5,1.5,2.78
130820102000,9.2,100,0.2,6.6,0.5,0
130820102100,9,100,0,14.9,0.2,0
130820102200,8.7,100,0,55.7,0.2,0
130820102300,8.1,100,0,69,0.2,0
140820100000,8,100,0,64.5,0.2,0
140820100100,8,100,0,108.6,0.1,0
140820100200,7.7,100,0,77.7,0.3,0
140820100300,6.7,100,0,89.2,0.2,0
140820100400,5.8,100,0,69.8,0.3,0
140820100500,5.3,100,0,76.2,0.2,0
140820100600,5,100,0,88.7,0.1,13.89
140820100700,5.9,100,0,117.9,0.2,50
140820100800,7.7,100,0,68.4,0.2,136.11
140820100900,11.3,100,0,230.1,0.6,411.11
140820101000,15.2,94.8,0,25.1,0.7,588.89
140820101100,15.1,88.8,0,309.1,0.6,519.44
140820101200,15.9,79.9,0,329.7,1.1,586.11
140820101300,14.4,79.1,0,353.5,1,461.11
140820101400,12.6,88.4,0,21.2,0.8,211.11
140820101500,11.5,96.9,0.6,40.2,0.7,125
140820101600,10.4,99.7,1.4,38,0.6,105.56
140820101700,9.6,100,3.6,38.8,0.9,55.56
140820101800,9.3,100,5.8,56.9,1.1,19.44
140820101900,9.4,100,4.2,51.5,1.1,0
140820102000,9.4,100,9,31.3,1.4,0
140820102100,10.1,100,6,18,1.3,0
140820102200,10.3,100,1.8,35,1.7,0
140820102300,10.5,100,13.6,18.5,1.4,0
150820100000,10.4,100,7.6,45,1.5,0
150820100100,10.5,100,3,35.8,1.3,0
150820100200,10.3,100,3.4,26,0.8,0
150820100300,10.1,100,0,39,1,0
150820100400,9.9,100,0,29.3,1.1,0
150820100500,9.9,100,1.4,41.1,1,0
150820100600,9.6,100,1.4,282.8,1.3,0
150820100700,8.2,100,0,14.2,0.5,11.11
150820100800,9.4,100,0,39.8,0.8,125
150820100900,12.1,100,0,36.5,1.1,436.11
150820101000,12.4,94.1,0,40.8,0.9,550
150820101100,11.1,97.7,0,74.5,1.2,227.78
150820101200,12.8,84.4,0.2,62.6,1.4,444.44
150820101300,12.1,84.6,2.4,328.4,0.8,311.11
150820101400,11.1,99.2,2.2,30.2,0.5,375
150820101500,10.4,98.6,1.2,56.6,0.5,163.89
150820101600,9.3,100,0,277.5,0.6,102.78
150820101700,9.6,100,3.6,31.1,0.6,125
150820101800,8.6,100,1.6,71.4,0.9,27.78
150820101900,7.9,100,0,30.5,0.7,11.11
150820102000,7.4,100,0,37.1,0.6,0
150820102100,7.1,100,0,43.8,0.7,0
150820102200,7.1,100,0.4,38.3,0.7,0
150820102300,7.2,100,0,350.5,0.6,0
160820100000,6.9,100,0,80.8,0.5,0
160820100100,6.9,100,0,93.7,0.3,0
160820100200,6.6,100,0,61.8,0.7,0
160820100300,6.7,100,1,293,1.3,0
160820100400,5.7,100,1.2,7.1,0.4,0
160820100500,5.3,100,0.8,172.7,0.5,0
160820100600,5.3,100,0.2,49.5,0.2,0
160820100700,5.4,100,0,85.5,0.2,30.56
160820100800,7.5,100,0,14.5,0.2,180.56
160820100900,8.6,100,0,292.8,0.7,261.11
160820101000,11.4,95,0,280.4,0.9,463.89
160820101100,12.6,84.9,0,239.1,1.7,750
160820101200,11.4,88.5,0,246.1,1.7,544.44
160820101300,10.9,90.9,0,280.6,0.8,352.78
160820101400,11.6,84.7,0,259.1,0.8,294.44
160820101500,12,87.4,0,21.1,0.7,300
160820101600,11.9,81.9,2.4,309.1,1.5,272.22
160820101700,8.1,97,1.8,40.3,0.3,50
160820101800,7.2,100,0,6.7,0.1,77.78
160820101900,7,100,0,22.6,0.1,41.67
160820102000,5.5,100,0,46,0.2,0
160820102100,4.9,100,0,57.5,0.1,0
160820102200,4.6,100,0,46.7,0.2,0
160820102300,4.6,100,0,71,0.2,0
170820100000,3.9,100,0,98.8,0.2,0
170820100100,3.5,100,0,76.3,0.2,0
170820100200,3.8,100,0,103.3,0.4,0
170820100300,4.1,100,0,79.7,0.2,0
170820100400,4.2,100,0,82.7,0.2,0
170820100500,4,100,0,56,0.3,0
170820100600,3.8,100,0,83.5,0.4,5.56
170820100700,4.5,100,0,100.1,0.4,69.44
170820100800,7.2,100,0,88.7,0.2,200
170820100900,10.7,100,0,220.4,0.4,330.56
170820101000,14.2,88.3,0,271.4,0.7,625
170820101100,15.4,71.4,0,233.1,1.9,730.56
170820101200,14.7,74.7,0,252.5,2.2,694.44
170820101300,15.4,69.3,0,252,2.8,683.33
170820101400,15.7,70.6,0,254.3,2.4,677.78
170820101500,15.8,70.8,0,251.5,2.2,563.89
170820101600,15.1,75.7,0,169.7,0.7,341.67
170820101700,14.4,81.7,0,94,0.9,205.56
170820101800,13.4,84.8,0,203.5,0.7,147.22
170820101900,12.1,93.9,0,78.9,0.3,38.89
170820102000,10.9,99.7,0,64.9,0.7,0
170820102100,10.2,100,0,41,0.2,0
170820102200,9.9,100,0,59,0.1,0
170820102300,9.8,100,0,27.6,0.1,0
180820100000,9.8,100,0,343.5,0.4,0
180820100100,9.7,100,0,243.6,0.4,0
180820100200,9.5,100,0,212.5,0.4,0
180820100300,9.3,100,0,74.1,0.1,0
180820100400,8.7,100,0,65.2,0.4,0
180820100500,7.4,100,0,64.3,0.8,0
180820100600,7.6,100,0,91,0.3,8.33
180820100700,8.5,100,0,83.3,0.5,80.56
180820100800,11.1,96.6,0,112.4,1.3,269.44
180820100900,13.1,80.3,0,315.9,1.4,480.56
180820101000,12.5,78.1,0,357.9,1.5,325
180820101100,13.1,76.6,0,356.8,1.2,488.89
180820101200,13.6,77,0,146.5,1.6,405.56
180820101300,14.1,74.3,0,105.4,1.7,538.89
180820101400,14.7,74,0,3.3,1.5,677.78
180820101500,13.7,78,0,327.6,1.3,291.67
180820101600,13.8,80.2,0,341.2,1.2,261.11
180820101700,12.9,83.8,0,266.2,0.8,125
180820101800,12,89.4,0,16.3,0.6,55.56
180820101900,11.3,95.8,0,29.3,0.3,11.11
180820102000,10.7,99.6,0,49.2,0.3,0
180820102100,10.6,100,0,248.4,0.3,0
180820102200,10.6,100,0.2,111,0.1,0
180820102300,10.2,100,0.2,8,0.1,0
190820100000,10,100,0,41,0.1,0
190820100100,9.1,100,0,55.2,0.2,0
190820100200,7.7,100,0,53.5,0.3,0
190820100300,7.5,100,0,43.2,0.1,0
190820100400,8.1,100,0,85.3,0.3,0
190820100500,8.6,100,0,68.4,0.3,0
190820100600,9.1,100,0,57.9,0.2,0
190820100700,9.2,100,0,155.4,0.2,50
190820100800,13,93.3,0,182,0.5,283.33
190820100900,14.7,85,0,248,1.5,461.11
190820101000,15.2,82.1,0,254.5,1.9,613.89
190820101100,16.7,72.6,0,356.4,1.9,733.33
190820101200,17,74,0,110.3,1.6,733.33
190820101300,15.8,78.6,0,337.6,1.5,377.78
190820101400,16.5,78,0,236.8,2.1,600
190820101500,16.6,77.8,0,302.6,1.8,536.11
190820101600,16.9,75.8,0,316.6,1.6,508.33
190820101700,14.9,83.3,0,54.6,1.3,138.89
190820101800,14.2,90.5,0,30.9,1.3,77.78
190820101900,13.6,93.4,0,9.6,0.5,33.33
190820102000,12.4,99.3,0,40.2,0.3,0
190820102100,10.9,100,0,74.5,0.3,0
190820102200,9.9,100,0,53.2,0.2,0
190820102300,10,100,0,78.2,0.4,0
200820100000,9.4,100,0,85.1,0.4,0
200820100100,8.9,100,0,81.3,0.4,0
200820100200,8.6,100,0,74.3,0.4,0
200820100300,8.5,100,0,62.4,0.4,0
200820100400,8.7,100,0,77,0.3,0
200820100500,9.2,100,0,73.8,0.3,0
200820100600,9.7,100,0,83.6,0.3,2.78
200820100700,10.2,100,0,78.3,0.6,77.78
200820100800,13.4,96.6,0,279.6,0.8,252.78
200820100900,16.1,84.7,0,241.3,0.9,405.56
200820101000,17.1,79.7,0,213.1,1.3,411.11
200820101100,16.7,77.3,0,58.5,1.3,386.11
200820101200,16.7,75.5,0,354.2,1.3,363.89
200820101300,16.5,81,0,272.3,1.5,311.11
200820101400,17.8,76.4,0,3.1,1.7,694.44
200820101500,17.3,76.5,0,73.9,1.4,488.89
200820101600,15.9,82.3,0,39.1,0.7,152.78
200820101700,14.9,95.1,0,319.9,0.4,147.22
200820101800,15.1,88,0,14.3,0.4,119.44
200820101900,13.3,96.8,0,42,0.1,30.56
200820102000,11.8,100,0,82,0.4,0
200820102100,10.7,100,0,73.8,0.4,0
200820102200,9.9,100,0,82,0.4,0
200820102300,9.2,100,0,78.8,0.6,0
210820100000,8.8,100,0,80,0.7,0
210820100100,8.5,100,0,79.8,0.5,0
210820100200,8.2,100,0,73.8,0.6,0
210820100300,7.9,100,0,72.5,0.6,0
210820100400,7.9,100,0,73.3,0.7,0
210820100500,7.7,100,0,78.5,0.6,0
210820100600,7.6,100,0,73.8,0.7,0
210820100700,8.1,100,0,77.5,0.8,61.11
210820100800,11.2,99.7,0,67.4,0.5,266.67
210820100900,16.5,90,0,250.5,1.2,447.22
210820101000,19.2,75.4,0,251.5,1.9,566.67
210820101100,19.9,67.4,0,252,2.5,761.11
210820101200,19.6,66,0,255.7,2,636.11
210820101300,20.1,58.9,0,250,2.1,622.22
210820101400,21.3,56.3,0,191.4,1.4,683.33
210820101500,21.1,60.1,0,250.8,1.1,466.67
210820101600,19.4,69.1,0,282.6,0.6,200
210820101700,18.3,75.6,0,246.4,1.3,191.67
210820101800,18.4,73.6,0,8,1,152.78
210820101900,16.8,81.2,0,10,0.6,41.67
210820102000,14.8,92.9,0,57.5,0.6,0
210820102100,13.2,99.9,0,70,0.2,0
210820102200,12.1,100,0,74,0.4,0
210820102300,11.3,100,0,83.5,0.6,0
220820100000,11,100,0,79.8,0.6,0
220820100100,10.4,100,0,81,0.6,0
220820100200,9.8,100,0,74.5,0.6,0
220820100300,9.5,100,0,76.5,0.5,0
220820100400,9.2,100,0,75,0.6,0
220820100500,9,100,0,77.2,0.6,0
220820100600,8.7,100,0,73,0.6,0
220820100700,9.2,100,0,76.5,0.8,58.33
220820100800,12.1,98.8,0,140.5,0.6,250
220820100900,17.7,89.6,0,242.8,1.5,441.67
220820101000,18.5,78.9,0,252.5,2.5,602.78
220820101100,18.9,77.1,0,252.3,2.8,647.22
220820101200,20,69.3,0,265.6,1.9,738.89
220820101300,21,63.7,0,228.3,2.2,708.33
220820101400,21.8,65.2,0,245.6,2,750
220820101500,22.2,60.8,0,126.1,1.7,669.44
220820101600,21.2,67.6,0,215.1,1.7,558.33
220820101700,19.8,73.6,0,42.1,1.6,405.56
220820101800,18.1,83,0,331.2,1.3,125
220820101900,16.8,89,0,26.1,0.8,27.78
220820102000,14.8,97.5,0,60.5,0.4,0
220820102100,13.4,100,0,59.2,0.5,0
220820102200,12.5,100,0,89.5,0.2,0
220820102300,11.2,100,0,81.8,0.4,0
230820100000,10.5,100,0,80,0.6,0
230820100100,9.9,100,0,79.3,0.5,0
230820100200,10.2,100,0,84.8,0.3,0
230820100300,11.1,100,0,75.4,0.8,0
230820100400,10.7,100,0,85.5,0.7,0
230820100500,9.3,100,0,79,0.6,0
230820100600,8.1,100,0,80.5,0.6,0
230820100700,8.4,100,0,83.5,0.8,50
230820100800,12,94.3,0,89.3,0.5,252.78
230820100900,16.7,86,0,247.5,1.3,438.89
230820101000,18.7,77.5,0,249.5,1.6,588.89
230820101100,19.9,73.6,0,267.7,2,677.78
230820101200,19.5,72.8,0,293.1,1.7,594.44
230820101300,20.6,69.6,0,251.5,1.8,761.11
230820101400,20.3,68.4,0,137.7,1.8,588.89
230820101500,20.7,67.9,0,341.8,1.9,605.56
230820101600,19.8,69.8,0,263.6,2,494.44
230820101700,18.5,72.1,0,15,1.8,294.44
230820101800,16.9,82.9,0,77.5,0.9,94.44
230820101900,15.8,87.4,0,41.7,0.6,33.33
230820102000,14.1,94.9,0,61,0.9,0
230820102100,12.5,99.9,0,38.4,0.7,0
230820102200,11.9,100,0,110.4,0.6,0
230820102300,11.5,100,0,67.6,0.5,0
240820100000,11.2,100,0,70.5,1.5,0
240820100100,11.7,99.8,0,64,1.2,0
240820100200,10.7,100,0,65.5,0.5,0
240820100300,9.9,100,0,35.5,0.6,0
240820100400,9.6,100,0,73.8,1,0
240820100500,10,100,0,66,0.8,0
240820100600,9.7,100,0,88,0.2,2.78
240820100700,9.2,100,0,89.4,0.3,50
240820100800,13.5,92.2,0,124.7,1,244.44
240820100900,16.6,80.1,0,247.3,2,419.44
240820101000,16.2,79.5,0,244.8,2.1,444.44
240820101100,17.7,74.9,0,236.5,1.4,675
240820101200,18.7,73.5,0,348.1,1.9,586.11
240820101300,18.7,74,0,283.8,1.9,786.11
240820101400,18.3,77.2,0,28.5,1.7,538.89
240820101500,17.3,81.4,0,265.1,1.9,330.56
240820101600,17.7,79.9,0,282.9,1.8,402.78
240820101700,16.9,82.9,0,292.5,1.4,250
240820101800,16.1,86.4,0,319.2,0.6,91.67
240820101900,15,93,0,40.2,0.5,19.44
240820102000,14.2,96.7,0,49.8,0.6,0
240820102100,12.6,100,0,43.1,0.5,0
240820102200,11.7,100,0,41.4,0.2,0
240820102300,10.8,100,0,44.1,0.3,0
250820100000,10.8,100,0,101.9,0.3,0
250820100100,10.8,100,0,51.7,0.3,0
250820100200,10.5,100,0,74.8,0.3,0
250820100300,9.7,100,0,77.8,0.4,0
250820100400,9.7,100,0,75.7,0.4,0
250820100500,9.6,100,0,81.7,0.2,0
250820100600,9.1,100,0,73.2,0.2,0
250820100700,9.9,100,0,94.2,0.2,52.78
250820100800,11.5,99.4,0,224.9,0.4,141.67
250820100900,17.2,85.8,0,335.8,1.3,422.22
250820101000,16.8,81.1,0,239.5,1.9,527.78
250820101100,16.8,81.1,0,272.6,1.5,497.22
250820101200,17.7,74.8,0,348.9,1.9,550
250820101300,18.2,73.2,0,248,1.7,636.11
250820101400,18.8,71.3,0,230.9,1.5,611.11
250820101500,16.7,79.1,0,283,1.1,247.22
250820101600,15.8,84,0,75.2,0.9,122.22
250820101700,16.1,84,0,223.5,1.3,188.89
250820101800,15.7,86.1,0,47,1.2,105.56
250820101900,14.9,91.3,0,51.8,0.8,30.56
250820102000,14.1,97.4,0,23.8,0.4,0
250820102100,12.9,100,0,47.5,0.3,0
250820102200,12.3,100,0,66.5,0.5,0
250820102300,11.2,100,0,73.3,0.5,0
260820100000,10.2,100,0,80,0.5,0
260820100100,9.4,100,0,84.3,0.4,0
260820100200,10.3,100,0,92.1,0.4,0
260820100300,10.3,100,0,77.8,0.5,0
260820100400,9.3,100,0,78,0.6,0
260820100500,8.7,100,0,73.8,0.5,0
260820100600,8.2,100,0,75.5,0.6,0
260820100700,8.2,100,0,82.7,0.6,36.11
260820100800,11.6,96.2,0,61.1,0.5,250
260820100900,17.2,85.3,0,234.1,1.3,441.67
260820101000,17.8,79.6,0,248.3,1.9,580.56
260820101100,18.9,72.2,0,249.3,2.5,691.67
260820101200,20,68.1,0,251,2.1,736.11
260820101300,21.7,59.8,0,224.6,1.8,733.33
260820101400,22.2,67.4,0,40.6,1.7,688.89
260820101500,21.6,69,0,13.6,1.5,622.22
260820101600,20.7,73,0,17.5,1.6,483.33
260820101700,19.1,78.7,0,345.8,1.3,308.33
260820101800,17.8,85,0,320.7,1.1,75
260820101900,16.5,91.3,0,37,0.5,22.22
260820102000,15.4,97.7,0,23.8,0.3,0
260820102100,14.3,100,0,69.5,0.5,0
260820102200,12.9,100,0,78.3,0.3,0
260820102300,12.9,100,0,101.3,0.3,0
270820100000,13,100,0,85.5,0.6,0
270820100100,12.2,100,0,60.4,0.6,0
270820100200,10.6,100,0,77.3,0.4,0
270820100300,9.9,100,0,77.5,0.5,0
270820100400,9.6,100,0,111.1,0.4,0
270820100500,9.5,100,0,77,0.5,0
270820100600,9.7,100,0,77.9,0.5,0
270820100700,10.8,100,0,85.1,0.7,44.44
270820100800,13.2,96.6,0,99.2,0.9,186.11
270820100900,16.5,80.9,0,74.2,1.1,344.44
270820101000,17.9,74.4,0,304.7,1.7,425
270820101100,17.9,76.7,0,336.3,1.9,575
270820101200,18.2,78.4,0,107.9,1.7,475
270820101300,17.3,83,0,97.5,2.1,372.22
270820101400,17.1,84.7,0,64.2,2.1,466.67
270820101500,17.5,80.8,0,284.2,1.8,400
270820101600,17.3,81.5,0,264.1,1.6,211.11
270820101700,17.4,81.2,0,248.3,1.7,241.67
270820101800,15.8,90.2,0,249.5,1.7,88.89
270820101900,14.6,98.7,0,220.4,0.4,16.67
270820102000,13.8,100,0,272.4,1.2,0
270820102100,13.3,99.8,4.6,20.5,0.2,0
270820102200,12.4,100,0,31.5,0.2,0
270820102300,11.3,100,0,62,0.4,0
280820100000,10.4,100,0,68.5,0.5,0
280820100100,10.1,100,0,98.4,0.4,0
280820100200,9.8,100,0,68.8,0.1,0
280820100300,9.9,100,0,70,0.3,0
280820100400,9.8,100,0,78.4,0.3,0
280820100500,10.3,100,0,61.7,0.3,0
280820100600,10.4,100,0,51.3,0.2,0
280820100700,10.5,100,0,65.4,0.5,19.44
280820100800,12.3,100,0,124.1,0.4,216.67
280820100900,16.1,93.7,0,22.1,0.7,422.22
280820101000,16.9,84.1,0,164.8,1,591.67
280820101100,17.7,68.6,0,262,1,677.78
280820101200,17,60.3,0,327.6,1.9,450
280820101300,16.4,59.9,0,211.8,2.5,422.22
280820101400,16.9,55.6,0,245.5,3.3,619.44
280820101500,16.2,51.9,0,253.5,2.5,547.22
280820101600,13.2,63.2,0,288.8,1.4,197.22
280820101700,13.2,64.3,0,337.7,0.4,127.78
280820101800,12.8,62.8,0,294.7,0.8,102.78
280820101900,10.6,64.4,0,46.4,0.6,22.22
280820102000,7.7,78.9,0,40.8,0.5,0
280820102100,6.5,77.8,0,302.6,0.4,0
280820102200,6.3,73.1,0,36.1,0.5,0
280820102300,5.1,78.9,0,72.5,0.8,0
290820100000,4.3,81.3,0,77.7,0.6,0
290820100100,3,85.7,0,80.3,0.6,0
290820100200,1.9,90.9,0,79.7,0.4,0
290820100300,0.9,93.6,0,72,0.5,0
290820100400,0.6,93.5,0,76.3,0.4,0
290820100500,-0.1,96.5,0,78.5,0.5,0
290820100600,-0.5,98.1,0,79.8,0.5,0
290820100700,-0.3,98.3,0,83,0.7,27.78
290820100800,3.9,84.6,0,126.1,0.6,241.67
290820100900,8.7,63.3,0,246.8,2.5,436.11
290820101000,9.7,50.6,0,245.3,2.5,588.89
290820101100,10.7,46.6,0,252.3,2.8,700
290820101200,11.4,44.8,0,247.8,2.6,755.56
290820101300,12.7,40.5,0,249,2.4,794.44
290820101400,12.6,44.1,0,269.8,2.3,625
290820101500,10.7,67.2,0,231.7,1.6,333.33
290820101600,10.4,72.2,0,35,1.7,322.22
290820101700,9.5,76.7,0,358.4,1.6,247.22
290820101800,8.1,84.4,0,110.7,0.9,61.11
290820101900,7.4,89.7,0,45.3,0.4,11.11
290820102000,7,92.9,0,47,0.6,0
290820102100,7.2,93.4,0,54,0.4,0
290820102200,7.3,93.7,0,4.5,0.5,0
290820102300,7,95.9,0,355.8,0.6,0
300820100000,6.6,98.9,0,24.9,0.9,0
300820100100,6.9,93.8,0,6.8,0.9,0
300820100200,7.7,88.7,0,322.7,1,0
300820100300,6.8,91.4,0,344.7,0.8,0
300820100400,6.6,91.1,0,33.3,0.8,0
300820100500,6.2,92.1,0,313,0.3,0
300820100600,6,95.5,0.2,50.5,0.2,0
300820100700,5.7,100,0,80.9,0.2,8.33
300820100800,6.8,97.2,0,107.5,1,116.67
300820100900,6.4,90.8,3,43.1,0.7,47.22
300820101000,5.1,99.4,3.2,330.9,0.7,22.22
300820101100,4.1,100,0,186.3,0.6,105.56
300820101200,7.7,94.6,0,242.2,2.4,591.67
300820101300,8.4,80.7,0,220.4,1.1,533.33
300820101400,8.7,77.3,0,272.2,0.9,316.67
300820101500,9.3,68.6,0,259.1,2.9,425
300820101600,10,49.7,0,4.8,0.5,352.78
300820101700,7.5,75.8,0,227.4,0.9,166.67
300820101800,7.7,58.8,0,31.4,0.5,52.78
300820101900,5.4,78.5,0,28.3,0.4,11.11
300820102000,4.5,79.2,0,125.4,0.4,0
300820102100,2.9,85.1,0,100.7,0.4,0
300820102200,2.1,90.2,0,80.7,0.3,0
300820102300,1.4,92.4,0,84.3,0.3,0
310820100000,1,95.2,0,96,0.4,0
310820100100,1.4,96.5,0,4.9,0.5,0
310820100200,3.4,82.8,0,21,0.3,0
310820100300,3.4,86.9,0,359.7,0.6,0
310820100400,3.4,82.3,0,332.9,0.5,0
310820100500,3.8,80.4,0,1.4,0.5,0
310820100600,4.1,78.9,0,299.1,0.6,0
310820100700,5.8,73.5,0,220.8,1.8,36.11
310820100800,8,60,0,248,3.3,194.44
310820100900,8.6,57.8,0,195.7,3.4,427.78
310820101000,10.7,49.8,0,223.8,3.5,502.78
310820101100,12.6,39.9,0,110.7,3,702.78
310820101200,10.8,45.3,0,22.1,2.8,769.44
310820101300,11.7,42.8,0,94.7,3,747.22
310820101400,12,41.1,0,189.3,2.4,702.78
310820101500,12.2,37,0,216.6,2.4,444.44
310820101600,11.8,36.7,0,269.5,3.4,505.56
310820101700,11.3,37.3,0,266.8,2.6,261.11
310820101800,9.6,40.2,0,281,1.4,58.33
310820101900,7.3,44.9,0,340.7,0.6,8.33
310820102000,4.3,59,0,2.5,0.3,0
310820102100,1.7,74.3,0,68.3,0.3,0
310820102200,-0.1,83.3,0,82.6,0.5,0
310820102300,-0.6,88.2,0,47.4,0.3,0
10920100000,0,88.2,0,31.8,0.4,0
10920100100,-0.2,88.2,0,100.6,0.5,0
10920100200,-1.2,92.8,0,73.7,1,0
10920100300,0.1,87.9,0,85.2,0.8,0
10920100400,-0.5,90.3,0,86.2,0.6,0
10920100500,-1.9,94.6,0,78.8,0.4,0
10920100600,-2.9,97.6,0,92,0.4,0
10920100700,-2.8,98.6,0,87.5,0.7,13.89
10920100800,1.2,85.2,0,70.5,0.5,230.56
10920100900,6.6,67.3,0,233.8,1.2,425
10920101000,8.7,52.5,0,228.3,2.3,594.44
10920101100,9.6,48.7,0,245.8,3.3,694.44
10920101200,10.7,42.1,0,251,3.4,738.89
10920101300,12,37.1,0,254,3.3,744.44
10920101400,13.6,33.2,0,249.8,3.2,705.56
10920101500,14.3,32.1,0,251.8,3.2,636.11
10920101600,14.5,33.5,0,264.4,1.9,508.33
10920101700,14.7,32.7,0,70.2,0.7,327.78
10920101800,10.7,48.9,0,23.7,0.4,50
10920101900,7.2,53.1,0,90,0,33.33
10920102000,3.5,69.8,0,90,0,0
10920102100,3.3,72.3,0,90,0,0
10920102200,3.7,68.5,0,90,0,0
10920102300,3.6,67.3,0,90,0,0
20920100000,3.3,68.8,0,90,0,0
20920100100,2.2,74.6,0,90,0,0
20920100200,1.3,80.5,0,90,0,0
20920100300,2.2,75.1,0,90,0,0
20920100400,2.2,73.8,0,90,0,0
20920100500,0.3,85.9,0,90,0,0
20920100600,0.5,87.4,0,90,0,0
20920100700,1.7,94.9,0,125.7,0.6,61.11
20920100800,6.7,63,0,47.8,0.9,277.78
20920100900,9.1,54.3,0,157.2,1.7,486.11
20920101000,9.2,59.2,0,101.4,1.9,655.56
20920101100,10.4,56.1,0,37.3,1.8,780.56
20920101200,11,56.5,0,43.2,2,847.22
20920101300,12,50.2,0,37.2,2,855.56
20920101400,12.4,52.6,0,32,1.8,780.56
20920101500,12.5,51.6,0,156.4,2,638.89
20920101600,12.8,54.9,0,190.8,2,533.33
20920101700,12.3,58.7,0,197.8,2,347.22
20920101800,10.7,66.6,0,175,1.8,130.56
20920101900,9.1,77.9,0,176.3,1.9,25
20920102000,7.9,90.4,0,186,1.8,0
20920102100,7.1,99,0,179.3,1.7,0
20920102200,6.2,100,0,189.5,1.9,0
20920102300,6.3,100,0,184.8,1.6,0
30920100000,6.3,100,0,170.8,1.5,0
30920100100,6,100,0,177,1.2,0
30920100200,5.4,100,0,143,0.9,0
30920100300,6.3,100,0,96.5,0.5,0
30920100400,6,100,0,1,0.6,0
30920100500,5.8,100,0,277.2,0.4,0
30920100600,5.6,100,0,48.7,0.5,0
30920100700,6.2,100,0,16.5,0.8,47.22
30920100800,8.2,95.2,0,41,1.2,244.44
30920100900,9.9,83.3,0,28.8,1.8,377.78
30920101000,10.7,81.9,0,59.9,1.5,472.22
30920101100,13.1,57.8,0,36.8,1.8,777.78
30920101200,14.1,50.9,0,245.2,1.9,788.89
30920101300,12.1,69,0,186,2.1,377.78
30920101400,11.9,74.8,0,200,1.3,213.89
30920101500,12.1,74.5,0,48.4,1.3,186.11
30920101600,12.8,75.9,0,72.1,1.4,388.89
30920101700,14.2,66.7,0,186.1,2.2,488.89
30920101800,12.8,73.9,0,183.8,3.2,319.44
30920101900,9.7,96.3,0,186.7,2.5,27.78
30920102000,9,100,0,205.3,2.1,0
30920102100,8.6,100,0,185,1.8,0
30920102200,7.8,100,0,188.3,1.7,0
30920102300,8.3,100,0,184.5,2.4,0
40920100000,8.3,100,0,192.3,1.8,0
40920100100,8,100,0,182.5,2.1,0
40920100200,8.1,100,0,192,1.8,0
40920100300,8,100,0,183,1.9,0
40920100400,7.7,100,0,173.6,1.2,0
40920100500,7,100,0,178.8,2,0
40920100600,6.9,100,0,186,1.1,0
40920100700,7.2,100,0,181.5,1.4,36.11
40920100800,8,100,0,177.1,2,200
40920100900,9.5,98.2,0,31.5,1.6,333.33
40920101000,11.7,83.2,0,47.4,1.7,458.33
40920101100,11.9,79.2,0,51.1,2,480.56
40920101200,12.8,69.7,0,301.8,1.4,541.67
40920101300,13.4,64.6,0,321.7,1.6,469.44
40920101400,14.8,51.2,0,332.7,1.8,644.44
40920101500,15.7,54.6,0,14.3,1.8,830.56
40920101600,13.9,63.7,0,352.6,1.4,330.56
40920101700,13.6,60.5,0,25.5,1.4,291.67
40920101800,12.4,76.7,0,35.8,1.3,130.56
40920101900,10.5,95.4,0,324.9,0.6,25
40920102000,8.5,99.9,0,206.6,0.6,0
40920102100,7.2,100,0,167.4,0.7,0
40920102200,6.5,99.8,0,194.2,0.6,0
40920102300,5.6,98.1,0,150.6,0.8,0
50920100000,5.9,92.7,0,146.5,0.7,0
50920100100,5.7,91.8,0,141.1,0.5,0
50920100200,5.5,89.7,0,149.1,0.5,0
50920100300,5.3,89,0,138.3,0.5,0
50920100400,5.1,87.9,0,125.2,0.6,0
50920100500,4.7,91.2,0,184.9,0.5,0
50920100600,4.8,91.5,0,128.4,0.6,0
50920100700,6,87.7,0,175.8,1.3,50
50920100800,8.8,78.1,0,249.4,1.1,275
50920100900,10.7,75,0,130.4,1.5,411.11
50920101000,11.8,70.1,0,304.9,1.5,558.33
50920101100,11.2,71.4,0,339.5,1.6,341.67
50920101200,12,69.5,0,225.1,2.2,344.44
50920101300,12,68.4,0,186.4,2.4,322.22
50920101400,13.4,61.8,0,194.2,2.3,533.33
50920101500,13.2,64.2,0,190,2.9,427.78
50920101600,12.6,70,0,202.5,3.7,369.44
50920101700,11.5,79.2,0,199.3,2.5,186.11
50920101800,11.1,84.6,0,200.3,2,127.78
50920101900,10.2,93.4,0,211.3,2.1,27.78
50920102000,9.2,100,0,188.8,2.3,0
50920102100,8.9,100,0,189.5,2.4,0
50920102200,8.7,100,0,183.5,2.3,0
50920102300,8.9,99.5,0,186.8,3,0
60920100000,9,99.4,0,192.7,3,0
60920100100,8.6,100,0,194.3,2.6,0
60920100200,8.5,99.9,0,184,1.9,0
60920100300,8.6,99.8,0,188.8,1.7,0
60920100400,9,99.1,0,205.7,1.7,0
60920100500,9.4,96.8,0,220.8,1.2,0
60920100600,7.8,100,0,81.6,0.5,0
60920100700,8.5,98.4,0,187.5,1.8,0
60920100800,8.7,99.2,0,183.3,1.9,130.56
60920100900,10.6,93,0,182,2.4,341.67
60920101000,10.8,89.6,0,175.5,2.2,483.33
60920101100,11.7,79.3,0,156,1.7,561.11
60920101200,11.5,72.1,0,152.8,1.9,391.67
60920101300,12.7,68.9,0,127,2.2,494.44
60920101400,13,67.3,0,188.6,2.3,380.56
60920101500,13.8,67.7,0,189.1,1.8,480.56
60920101600,13.1,71.4,0,199.5,2.8,247.22
60920101700,11.8,78.4,0,221.2,2.4,238.89
60920101800,10.9,86.3,0,203.7,3,52.78
60920101900,9.7,98.6,0,200.8,3.5,2.78
60920102000,9.1,100,0,198.5,2.6,0
60920102100,8.9,100,0,205,3.2,0
60920102200,9.2,98.6,0,202.5,2.7,0
60920102300,9,98.9,0,201.3,3.5,0
70920100000,9.1,98.2,0,196.5,2.9,0
70920100100,8.8,99.4,0.8,196.5,2.3,0
70920100200,8.7,99.9,0.6,199.5,2.2,0
70920100300,8.6,99.6,0.6,190.4,1.9,0
70920100400,8.6,99.8,0.4,191.5,2.1,0
70920100500,8.6,99.8,0.2,190,1.7,0
70920100600,8.8,99.9,0.6,186.7,1.6,0
70920100700,9.2,98.9,0.2,212,1.8,13.89
70920100800,9.8,98.3,0.2,214.8,2.8,27.78
70920100900,9.6,99.7,0.2,206,2.4,72.22
70920101000,9.7,100,0,219.8,2.5,77.78
70920101100,9.8,100,0,206,4.4,77.78
70920101200,10.6,99.1,0,208,4.7,208.33
70920101300,11.5,99.2,0.2,205,5.9,488.89
70920101400,13.2,92.6,0,207,4.4,355.56
70920101500,12.1,97,0.2,212.3,3.1,161.11
70920101600,10.7,98.9,0,215.3,3.8,50
70920101700,10.3,99.8,0,207,5.5,72.22
70920101800,10.7,99.1,0,212.3,5,61.11
70920101900,10.4,99.7,0,214.8,3.5,2.78
70920102000,10.1,99.8,0.6,215,2.7,0
70920102100,9.9,98.8,0.2,216.2,3.2,0
70920102200,10.2,97.8,0,210,2.8,0
70920102300,10.5,97,0,205.8,2.4,0
80920100000,10,97.6,0,184.4,1.6,0
80920100100,9.8,97.3,0,211.8,2.5,0
80920100200,10,94.8,0,209.2,2.6,0
80920100300,9.8,95.2,0,216.3,2,0
80920100400,10.2,95.5,0,208.3,1.7,0
80920100500,9.2,98.8,0,70.7,0.4,0
80920100600,8.8,98.4,0.2,195,2.1,2.78
80920100700,9.6,96.9,0.2,198.5,3.1,22.22
80920100800,10.1,92.9,3,174.9,3.4,36.11
80920100900,10.3,88.1,0.2,156,2.2,27.78
80920101000,11.8,84.3,0,7.9,1.5,397.22
80920101100,11.9,91.7,0,26.9,1.6,502.78
80920101200,11.4,99.3,0.4,165.7,2.1,277.78
80920101300,10.9,97.7,1,172.8,2,250
80920101400,9.9,99.6,1.2,162.8,2.6,122.22
80920101500,9.9,99.9,0,192.1,1.2,338.89
80920101600,11.5,96,0,331.7,0.9,291.67
80920101700,10.6,100,0,199.8,0.6,122.22
80920101800,10.4,100,0.2,192.7,1.3,41.67
80920101900,9.6,100,0,119.9,0.7,13.89
80920102000,8.3,100,0,208.5,1.5,0
80920102100,8.7,100,0,177.5,1.5,0
80920102200,9,99.5,0,169.2,1.1,0
80920102300,8,100,0,91.4,0.9,0
90920100000,8.1,99.5,0,14,0.9,0
90920100100,7.7,99.6,4.4,295.8,1,0
90920100200,5.3,100,3,325.7,1.7,0
90920100300,5,100,0,3.4,1.4,0
90920100400,5,100,0,8.2,0.8,0
90920100500,4.1,99.9,0,276.5,0.6,0
90920100600,3.1,99.9,0,1.3,1,0
90920100700,2.9,100,0,62.2,0.6,16.67
90920100800,5.6,99.9,0,315.3,0.9,255.56
90920100900,8.4,89.7,0,333,1.2,491.67
90920101000,9.9,70.2,0,314.8,1.1,630.56
90920101100,11.4,67,0,22.1,1.7,777.78
90920101200,11.4,67.2,0,291.1,1.4,872.22
90920101300,11.4,68.1,0,350.3,0.9,525
90920101400,10.8,68.1,0.2,37.6,1,325
90920101500,9.5,80.4,0.2,73.8,1.1,136.11
90920101600,9.8,79.5,0,358.5,0.7,186.11
90920101700,10.2,78.6,0,25.6,0.6,169.44
90920101800,9.5,81.3,0.2,152.4,1.5,86.11
90920101900,7.7,97.3,0,171.3,2.8,8.33
90920102000,6.4,100,0.4,170.1,1.1,0
90920102100,6.2,100,1,222,0.7,0
90920102200,5.9,100,0.2,342,0.3,0
90920102300,5.7,100,0.2,333.5,0.3,0
100920100000,5.7,100,0.2,311,0.3,0
100920100100,5.5,100,0,353.7,0.4,0
100920100200,5.3,100,0,13.7,0.5,0
100920100300,4.9,100,0,258.5,0.3,0
100920100400,3.8,100,0,12.8,0.4,0
100920100500,3.3,100,0,6.2,0.4,0
100920100600,2.9,100,0,281.6,0.3,0
100920100700,2.6,100,0,81.5,0.5,72.22
100920100800,5.4,98.8,0,25.3,1.3,325
100920100900,7.6,79.5,0,26.3,2.2,513.89
100920101000,8.2,75.5,0,31.5,2.5,644.44
100920101100,9.4,69.9,0,23.8,2.8,763.89
100920101200,10.5,59,0,28.5,2.3,727.78
100920101300,10.5,56.9,0,94.7,2.3,519.44
100920101400,12.2,50.9,0,49.7,2.2,800
100920101500,12.8,49.3,0,26.5,2.3,788.89
100920101600,12.7,49.8,0,46,2.3,566.67
100920101700,12.4,49.3,0,15.8,1.7,405.56
100920101800,11,52.8,0,20.5,1.4,138.89
100920101900,8.2,66.2,0,35.7,1,8.33
100920102000,5.2,88.5,0,27,0.7,0
100920102100,4.6,95.7,0,38.8,1.2,0
100920102200,3.3,99.6,0,37.5,0.9,0
100920102300,3.3,100,0,0.3,0.4,0
110920100000,2.6,100,0,191.9,0.5,0
110920100100,2.9,99.7,0,255.8,0.4,0
110920100200,2.1,100,0,163.8,0.4,0
110920100300,2.4,99.9,0,216.9,0.5,0
110920100400,2.4,99.6,0,204.4,0.4,0
110920100500,2.6,97,0,190.5,0.4,0
110920100600,2.4,93.4,0,168.3,0.6,0
110920100700,3.6,85.8,0,209.6,1.2,41.67
110920100800,7.1,68.6,0,246.1,0.9,252.78
110920100900,10.2,54.6,0,10.9,1.4,458.33
110920101000,11.2,50.4,0,49.3,2.1,627.78
110920101100,11.9,48.4,0,32,2.2,747.22
110920101200,12.4,48.6,0,25.4,2,822.22
110920101300,13.5,46.9,0,40,2.1,841.67
110920101400,13.8,44.6,0,29,1.8,800
110920101500,14.3,43.4,0,15.4,1.5,694.44
110920101600,14.2,42.3,0,31,1.6,533.33
110920101700,13.7,44.2,0,26.3,1.3,333.33
110920101800,12.6,51.3,0,39.8,0.5,127.78
110920101900,8.6,69.2,0,130.8,0.6,5.56
110920102000,6.8,83.3,0,160.8,1.9,0
110920102100,7.4,85.5,0,161.5,2,0
110920102200,7.3,94,0,161.3,1.8,0
110920102300,6.9,97.5,0,117,0.7,0
120920100000,4.7,99.8,0,60.8,0.5,0
120920100100,4.2,100,0,53.4,0.5,0
120920100200,3.7,100,0,322.2,0.2,0
120920100300,3.8,99.3,0,303.3,0.2,0
120920100400,4,99.5,0,302.5,0.2,0
120920100500,4.3,98.4,0,301.8,0.2,0
120920100600,5.2,98.7,0,302.5,0.4,0
120920100700,4.7,98.7,0,319,0.6,47.22
120920100800,7.9,99.5,0,57.6,1.2,269.44
120920100900,11.1,77.4,0,54.7,1.4,452.78
120920101000,12.7,61.1,0,29.4,1.8,622.22
120920101100,14.6,54.7,0,2.1,1.7,741.67
120920101200,15.3,55.1,0,29.3,1.8,808.33
120920101300,16,55.1,0,29.2,1.8,825
120920101400,16.3,55.1,0,23.3,1.7,744.44
120920101500,15,60.9,0,308.6,1.4,602.78
120920101600,15.1,63.7,0,180.2,1.5,491.67
120920101700,13.9,77.4,0,169.3,1.2,250
120920101800,12.9,86.2,0,173.4,1.2,111.11
120920101900,10.7,99.5,0,169.7,1.8,16.67
120920102000,9.5,100,0,175.5,1.5,0
120920102100,9,99.8,0,169.5,1.6,0
120920102200,8.6,99.9,0,185.7,1.1,0
120920102300,8.6,100,0,280,0.5,0
130920100000,8.3,100,0,50.5,0.6,0
130920100100,8.5,100,0,115.5,0.5,0
130920100200,8.4,100,0,337.5,0.5,0
130920100300,7.7,100,0,306.4,0.4,0
130920100400,7.6,100,1.2,40.5,1.8,0
130920100500,7.6,100,0.4,28.8,1.7,0
130920100600,6.3,100,1.6,3.8,2.6,0
130920100700,5.7,100,1.2,25,2.3,0
130920100800,4.8,100,2.6,19.8,1.8,25
130920100900,4.7,100,1.4,25,1.8,38.89
130920101000,4.6,100,2,24.3,2.2,58.33
130920101100,4.4,100,1.2,22.3,1.9,83.33
130920101200,4.9,100,0.8,29.7,1.5,105.56
130920101300,4.7,100,1.2,359.8,1.1,97.22
130920101400,4.9,100,0.2,28.8,1,136.11
130920101500,5.2,100,0.2,329.1,0.7,147.22
130920101600,6.5,100,0,356.8,0.6,175
130920101700,6.6,100,0,286,0.4,144.44
130920101800,6.4,100,0,346,0.4,55.56
130920101900,5.3,100,0,239.9,0.7,2.78
130920102000,4.1,100,0,244.5,0.5,0
130920102100,4.2,100,0,251.6,0.4,0
130920102200,4.6,100,0,2.2,0.6,0
130920102300,4.4,100,0,100.1,0.4,0
140920100000,4,100,0,249.1,0.4,0
140920100100,3.2,100,0,267.8,0.6,0
140920100200,2.8,99.9,0,314.6,0.4,0
140920100300,2.3,100,0,234.4,0.4,0
140920100400,2.3,100,0,165.7,0.7,0
140920100500,2.7,99.9,0,359.6,0.6,0
140920100600,2,100,0,223.5,0.5,0
140920100700,2.3,100,0,108.2,0.5,47.22
140920100800,6.2,86.4,0,98.2,0.7,286.11
140920100900,9.8,65.9,0,41.1,1.4,472.22
140920101000,9.9,64.6,0,39.9,1.3,625
140920101100,11.3,64.7,0,44.5,1.8,738.89
140920101200,12.2,65.5,0,33.3,1.7,769.44
140920101300,13.1,50.6,0,358.5,1.4,813.89
140920101400,13.6,43.3,0,32.2,1.6,563.89
140920101500,13.8,46.4,0,26.3,1.5,633.33
140920101600,12.2,61.8,0,25.7,1.2,205.56
140920101700,11.6,66.7,0,16,0.8,127.78
140920101800,10.5,77,0,38.9,0.6,55.56
140920101900,8.7,87.4,0,179.5,0.5,2.78
140920102000,7.4,87.4,0,355.7,0.3,0
140920102100,7.1,87.4,0,199.1,0.4,0
140920102200,7.2,84.1,0,126.6,0.7,0
140920102300,7.6,84.8,0,128.5,1,0
150920100000,8,84.1,0,149,1.2,0
150920100100,7.5,88.9,0,67.5,0.6,0
150920100200,6.6,92.3,0,90.5,0.6,0
150920100300,7.1,89,0,108.2,1.2,0
150920100400,8,82.3,0,177.3,1.3,0
150920100500,8,81.7,0,187.8,1.1,0
150920100600,7.6,82.4,0,152.5,0.7,0
150920100700,7.7,84.2,0,118.6,0.9,33.33
150920100800,11.2,66.6,0,107.3,1.4,238.89
150920100900,11.2,69.4,0,180.8,1.9,261.11
150920101000,12.9,66.5,0,176.3,2.3,527.78
150920101100,14.6,64.7,0,179,2.7,727.78
150920101200,15.7,59.2,0,181,2.5,797.22
150920101300,16.4,56.2,0,187.5,3,797.22
150920101400,16.7,53.5,0,186.3,3.8,775
150920101500,16.5,56.1,0,211.2,3,647.22
150920101600,15.5,60,0,201,1,291.67
150920101700,14.1,71.8,0,200.9,1.4,100
150920101800,12.7,84.7,0,176.5,1.6,44.44
150920101900,11.5,98.1,0,194,1.7,0
150920102000,10.7,100,0,200,1.8,0
150920102100,10,100,0,230.7,1,0
150920102200,9,100,0,183.9,1.6,0
150920102300,9.1,100,0,231.6,1.5,0
160920100000,9.6,98.4,0,182.7,2,0
160920100100,9.6,97.2,0,215.8,1.7,0
160920100200,9.5,98.3,0,203.8,1.4,0
160920100300,9.3,99.3,0,201.5,1.2,0
160920100400,8.7,100,0,189.4,0.9,0
160920100500,8.7,100,0,171.5,1.2,0
160920100600,8.9,100,0,196.3,1.5,0
160920100700,9.2,99.9,0,191.5,1.3,2.78
160920100800,9.6,97.9,0,193.8,1.7,41.67
160920100900,10.8,87.9,0,176.8,2.2,272.22
160920101000,11.5,80.3,0,190.3,2.5,427.78
160920101100,11.9,77.7,0,189.3,2.8,427.78
160920101200,11.8,79.9,0,184.7,3.1,283.33
160920101300,13.1,72.9,0,185.8,3.5,622.22
160920101400,13.3,70.8,0,188.8,3.9,597.22
160920101500,13.8,67.9,0,191.5,3.8,575
160920101600,13.1,72.5,0,198,3.8,316.67
160920101700,12.3,81.8,0,182.8,2.9,183.33
160920101800,11.5,94.3,0,193.1,2.5,52.78
160920101900,10.7,100,0,210.8,2.9,0
160920102000,10.3,100,0,206,2.9,0
160920102100,10.2,100,0,213.5,3.2,0
160920102200,9.9,100,0.2,211,3,0
160920102300,9.6,100,1,199,2,0
170920100000,9.3,100,0.6,191.1,2.3,0
170920100100,9.2,100,1,186.3,1.6,0
170920100200,9.2,100,2,188.8,1.3,0
170920100300,9.1,100,0.6,190.8,1,0
170920100400,9.3,100,0.4,198.9,1.6,0
170920100500,9.6,100,0,206.3,2,0
170920100600,9.6,100,0,205,2.1,0
170920100700,9.6,100,0.6,205,1.8,2.78
170920100800,9.7,100,0,204.5,2.5,22.22
170920100900,9.9,100,0,200.8,1.9,52.78
170920101000,10.2,100,0,207,2.6,155.56
170920101100,10.5,100,0,205.5,3.1,286.11
170920101200,11.2,100,0,151,2.6,352.78
170920101300,11.8,99.9,0,188.5,3,369.44
170920101400,11.7,99.7,0,183,2.9,302.78
170920101500,11.4,99.9,0,253,2.5,194.44
170920101600,10.8,100,0,186.2,1.9,94.44
170920101700,10.7,100,0,207.6,1.3,91.67
170920101800,10.6,100,0,214.4,1.2,47.22
170920101900,10.3,100,0,207.8,2.4,0
170920102000,9.9,100,0,198.8,2.2,0
170920102100,9.8,100,0,204.7,2.8,0
170920102200,10.2,100,0,211.1,2,0
170920102300,9.9,100,0,248.6,1.1,0
180920100000,9.5,100,0,66.6,1.3,0
180920100100,8.6,100,0,109.3,1.4,0
180920100200,8.5,100,0,7.2,0.5,0
180920100300,8,100,0,356.4,0.8,0
180920100400,7.5,100,0,14.5,0.4,0
180920100500,7.5,100,0,320,0.3,0
180920100600,7.5,100,0,255.8,0.6,0
180920100700,7.7,100,0,324.1,0.4,5.56
180920100800,8,100,0,310.8,0.9,36.11
180920100900,7.4,100,0,345,0.7,41.67
180920101000,7.8,100,0,1.6,0.7,91.67
180920101100,8.7,100,0,211.8,1.6,125
180920101200,9.9,100,0,25.4,0.8,180.56
180920101300,8.6,100,0,319.6,1.1,80.56
180920101400,7.7,100,0,313.5,1,66.67
180920101500,7.9,100,0,13.8,1.5,61.11
180920101600,7,100,0,30.3,1.7,47.22
180920101700,6.7,100,0,24,1.5,22.22
180920101800,6.2,100,0,16.3,1.3,5.56
180920101900,5.8,100,0,14.7,0.6,0
180920102000,5.6,100,0,7.2,0.6,0
180920102100,5.4,100,0,342,0.8,0
180920102200,5.4,100,0,297.6,0.6,0
180920102300,5.2,100,0,5.8,0.5,0
190920100000,4.8,100,0,325.9,0.8,0
190920100100,5,100,0,332.6,0.8,0
190920100200,4.8,100,0,348.8,0.7,0
190920100300,4.3,100,0,11.4,1,0
190920100400,4.4,100,0,281.2,0.9,0
190920100500,3.1,100,0,305.2,0.4,0
190920100600,3.2,100,0,170.3,0.4,0
190920100700,2.4,100,0,39.9,0.6,11.11
190920100800,3.5,100,0,349.4,1.2,169.44
190920100900,5.3,100,0,29,1.9,452.78
190920101000,6.6,88.6,0,21.3,1.8,627.78
190920101100,8,76.4,0,34.2,1.8,727.78
190920101200,9.2,61.4,0,38.9,1.7,794.44
190920101300,10.5,61.7,0,9.5,1.6,797.22
190920101400,11.1,59.1,0,25.3,1.7,750
190920101500,11.7,52.4,0,21.5,1.5,644.44
190920101600,12.2,46.3,0,16.6,1.3,475
190920101700,11.5,50,0,25.3,0.9,275
190920101800,9.9,59.9,0,112.2,0.3,77.78
190920101900,5.1,87.5,0,113.9,0.3,0
190920102000,3.7,96.4,0,168.5,0.6,0
190920102100,4.2,100,0,61.2,0.8,0
190920102200,4.3,100,0,94,0.6,0
190920102300,3.2,100,0,154.5,0.4,0
200920100000,3.2,100,0,205.5,0.6,0
200920100100,3.8,100,0,187.7,1.1,0
200920100200,3.8,100,0,30.2,0.6,0
200920100300,4.2,100,0,279.5,0.3,0
200920100400,4.1,100,0,283.1,0.3,0
200920100500,3.9,100,0,36.1,0.6,0
200920100600,3.2,100,0,352.7,0.5,0
200920100700,4.5,100,0,7.1,0.5,13.89
200920100800,5.5,100,0,48,1.4,88.89
200920100900,7.2,92.8,0,27.1,1.5,325
200920101000,9.5,77.5,0,35,1.7,580.56
200920101100,10.6,72.6,0,44,2.2,708.33
200920101200,11.3,73.9,0,49.3,2,794.44
200920101300,12.4,72.4,0,31.5,1.8,788.89
200920101400,12,74.7,0,32.3,1.7,544.44
200920101500,13.3,69.9,0,26.8,1.6,619.44
200920101600,13.1,68.5,0,168.7,1.1,472.22
200920101700,13.2,76.2,0,171.5,2.3,266.67
200920101800,9.8,97.5,0,166.5,1.7,63.89
200920101900,8.6,99.5,0,164.5,1.9,2.78
200920102000,8.5,97.5,0,165.5,1.7,0
200920102100,7.9,98.1,0,279.2,0.4,0
200920102200,5.7,99.7,0,302.9,0.4,0
200920102300,7.3,99.5,0,85.7,0.7,0
210920100000,7.2,99.9,0,68,0.8,0
210920100100,6.6,99.6,0,30.5,0.9,0
210920100200,6.7,100,0.2,30.5,1,0
210920100300,6.8,99.6,0,63.9,0.7,0
210920100400,6.2,98.6,0,67.3,0.6,0
210920100500,5.1,99.9,0,256.8,0.5,0
210920100600,3.8,100,0,227.7,0.5,0
210920100700,4.3,99.4,0,182.4,0.7,8.33
210920100800,7.3,99.6,0,121.9,0.8,213.89
210920100900,11.1,85.9,0,178.5,0.7,408.33
210920101000,14.2,58.8,0,26,1.4,577.78
210920101100,13.9,67.9,0,26,1.7,694.44
210920101200,14.6,61.7,0,25.9,1.7,761.11
210920101300,15.6,54.3,0,189.2,2.5,788.89
210920101400,16.7,47.3,0,357.9,1.4,736.11
210920101500,17.4,46.6,0,291.5,1.5,638.89
210920101600,15.8,49,0,288.4,1.2,458.33
210920101700,14.7,54.1,0,205,2.4,261.11
210920101800,11.7,68.7,0,177.5,2,63.89
210920101900,9.6,76.5,0,159.5,1.9,0
210920102000,8.9,79.4,0,78.9,0.9,0
210920102100,7,91.7,0,359.1,0.5,0
210920102200,6.4,100,0,33.8,0.3,0
210920102300,5.5,100,0,351.9,0.2,0
220920100000,4.8,100,0,325.7,0.2,0
220920100100,3.9,99.5,0,351.9,0.3,0
220920100200,4.4,87.1,0,172,0.2,0
220920100300,4.2,88.9,0,96.3,0.2,0
220920100400,4.2,88,0,21.3,0.2,0
220920100500,3.7,97.3,0,94.9,0.3,0
220920100600,4.4,95.3,0,101.8,0.3,0
220920100700,4.8,95.5,0,124.2,0.4,11.11
220920100800,8.9,77,0,77.8,0.9,180.56
220920100900,11.9,63.3,0,45,1.3,388.89
220920101000,12.9,57.2,0,43,1.8,544.44
220920101100,13.7,58,0,59.7,1.7,625
220920101200,14.6,53.2,0,26.8,1.7,688.89
220920101300,15.2,53.5,0,36.3,1.7,738.89
220920101400,15.8,57,0,34.7,1.7,711.11
220920101500,15.1,62.2,0,12.8,1.4,486.11
220920101600,15.4,54.3,0,145.4,1.2,441.67
220920101700,15.2,51.8,0,177.5,1.7,255.56
220920101800,12.5,68.8,0,155,1.8,63.89
220920101900,9.9,86.7,0,166.3,1.9,0
220920102000,8.9,85.7,0,178,1.7,0
220920102100,8.7,83.8,0,144.1,0.9,0
220920102200,7.7,89.1,0,110.8,0.3,0
220920102300,5.8,99.9,0,78.2,0.3,0
230920100000,5.4,100,0,82.7,0.3,0
230920100100,5.7,100,0,131.1,0.5,0
230920100200,5,100,0,355.3,0.2,0
230920100300,5,100,0,101.4,0.4,0
230920100400,5.5,100,0,93.9,0.5,0
230920100500,5.2,100,0,63.8,0.4,0
230920100600,5.1,100,0,138.3,0.3,0
230920100700,4.8,100,0,77.5,0.3,19.44
230920100800,8.3,92.9,0,69.5,0.7,188.89
230920100900,12.3,72,0,50.2,1.4,388.89
230920101000,12.9,67.8,0,128.1,1.5,566.67
230920101100,14.7,54.6,0,84.5,1.7,700
230920101200,17,54.4,0,11.3,1.7,752.78
230920101300,14.9,61.2,0,193.3,2.7,738.89
230920101400,15.3,58.1,0,190.3,3,738.89
230920101500,15,61.1,0,194.3,3.1,636.11
230920101600,14.7,62.5,0,198.8,2.5,477.78
230920101700,13.6,67.7,0,214.7,2.6,241.67
230920101800,11,84.9,0,222,2.1,55.56
230920101900,9.1,99.9,0,203.1,2.2,0
230920102000,7.8,100,0,169.8,1.8,0
230920102100,7.3,99.7,0,246.2,0.8,0
230920102200,5.7,97.3,0,84.7,0.7,0
230920102300,5.7,100,0,145.5,0.6,0
240920100000,4.7,100,0,92.4,0.5,0
240920100100,4.9,100,0,298.5,0.4,0
240920100200,5.2,100,0,172.8,0.7,0
240920100300,3.3,100,0,71.5,0.4,0
240920100400,2.3,100,0,72.9,0.4,0
240920100500,2.7,100,0,259.2,0.4,0
240920100600,3.4,99.7,0,356.1,0.4,0
240920100700,4.5,98.9,0,159.6,0.5,19.44
240920100800,7.5,91.2,0,50.3,1,144.44
240920100900,9,83.5,0,20.2,1.3,216.67
240920101000,9.5,79.1,0,28.8,1.6,263.89
240920101100,10.4,74,0,341.8,1.7,452.78
240920101200,12.4,65.6,0,159.8,2.5,655.56
240920101300,11.9,60.6,0,195.7,3.4,447.22
240920101400,11.3,61.5,0,191.5,3.1,408.33
240920101500,11,59.8,0,192,2.9,252.78
240920101600,10.6,60.5,0,190.7,2.8,155.56
240920101700,9.6,68.5,0,169.6,2.6,50
240920101800,8.5,72.7,0,166.8,2.4,22.22
240920101900,8.6,71.5,0,152.4,2,0
240920102000,8.8,71.3,0,207.2,1,0
240920102100,8.2,77.4,0.4,102.7,1.1,0
240920102200,7,96.2,1,293.7,0.6,0
240920102300,6.6,99,2.8,256.2,0.6,0
250920100000,6.4,99.1,4.4,43.8,1.2,0
250920100100,6.2,99.1,2,256.6,0.5,0
250920100200,6.1,99.1,1.6,342.3,1,0
250920100300,5.8,99,4.8,317.5,1,0
250920100400,5.3,99,3.6,268.8,0.8,0
250920100500,4.4,99,5.4,203,1.6,0
250920100600,3,98.1,5.8,268.1,0.8,0
250920100700,1.3,98.6,2.4,350.1,0.6,0
250920100800,1.1,99,0,23.5,1,11.11
250920100900,1.5,98.7,0.2,26.2,0.7,75
250920101000,2.6,98,0,275.5,0.7,216.67
250920101100,3.8,98.6,0,227.9,0.9,586.11
250920101200,5.7,91.2,0,230.1,1.7,658.33
250920101300,6.9,87.8,0,356.4,1.3,738.89
250920101400,7.5,94.1,0,24.8,1.3,475
250920101500,7.9,93.5,0,356.1,1.2,516.67
250920101600,8.2,90.5,0,17.3,1.2,305.56
250920101700,7.4,96.5,0,22.3,1.2,219.44
250920101800,6.2,98.2,0,20.8,1.2,63.89
250920101900,5.1,98.3,0,8.8,1,0
250920102000,3.9,98.3,0,34,1.3,0
250920102100,2.7,98.7,0,36.5,1.5,0
250920102200,2.1,98.5,0,40,1.3,0
250920102300,1.2,99,0,31,1.4,0
260920100000,1.1,99.3,0,357.6,1,0
260920100100,1.3,98.7,0,21,0.9,0
260920100200,1.1,98.5,0,36,1.1,0
260920100300,2,98.5,0,21,1.6,0
260920100400,2.5,98.4,0,29.8,1,0
260920100500,2.5,98.2,0,27,0.9,0
260920100600,2.4,98.1,0,21,1.3,0
260920100700,2.2,99.3,0,25.5,1.5,13.89
260920100800,2.5,99.8,0,29.3,1.8,80.56
260920100900,3.1,99.6,0,26.5,1.9,188.89
260920101000,3.1,100,0,6.2,1.4,186.11
260920101100,4.2,92,0,42.3,1.4,380.56
260920101200,5.8,79.3,0,22.7,1,452.78
260920101300,6.1,78.1,0,334.6,1.3,375
260920101400,6.9,74.5,0,8,1.2,350
260920101500,6.7,74.1,0,14.8,1,233.33
260920101600,7.4,71.7,0,6.1,0.9,291.67
260920101700,6.4,78,0,20.9,0.3,122.22
260920101800,5.9,88.1,0,33.6,0.9,58.33
260920101900,3.6,97.3,0,111.5,0.4,0
260920102000,3.3,100,0,142.2,0.5,0
260920102100,2,100,0,229.3,0.4,0
260920102200,3,98.6,0,173,1.9,0
260920102300,3.3,99.7,0,315.7,0.8,0
270920100000,2.1,100,0,300.4,0.4,0
270920100100,0.9,99.4,0,352.6,0.6,0
270920100200,1.5,99.4,0,181.4,0.7,0
270920100300,1.2,99.8,0,172.1,0.5,0
270920100400,0.6,99.7,0,159.9,0.5,0
270920100500,1.3,99.6,0,74.3,0.3,0
270920100600,1.4,99.4,0,273.9,0.6,0
270920100700,1,100,0,176.4,0.6,11.11
270920100800,2.9,96.6,0,338,0.6,69.44
270920100900,3.9,95.4,0,111.6,0.8,77.78
270920101000,3.7,94.2,0,277,1.4,205.56
270920101100,3.2,94.2,0.4,76.9,0.8,119.44
270920101200,3.1,99.4,0,24.9,1.2,194.44
270920101300,2.8,100,0,36.9,1.1,136.11
270920101400,3.8,100,0,24.7,1.2,236.11
270920101500,3.5,100,1,19,0.8,102.78
270920101600,2.9,100,1.8,22.1,0.6,44.44
270920101700,2.1,100,2,9.9,0.4,22.22
270920101800,1.2,100,1,332.1,0.5,5.56
270920101900,1.4,99.9,0,327.1,0.8,0
270920102000,1.5,100,0.2,264,0.3,0
270920102100,1.7,100,0.4,269,0.4,0
270920102200,1.6,100,0.6,307.9,0.7,0
270920102300,1.2,100,0,45,0.9,0
280920100000,1.3,100,0,252.8,0.4,0
280920100100,1.7,100,0,295.4,0.6,0
280920100200,1,100,0,358.9,0.3,0
280920100300,0.6,100,0,13.1,0.6,0
280920100400,1.3,100,0,329.5,0.5,0
280920100500,1.2,100,0,98.2,0.7,0
280920100600,0.9,100,0,69.6,0.4,0
280920100700,-0.4,100,0,36.7,0.4,8.33
280920100800,0.4,100,0,48.7,1.1,125
280920100900,3.3,97.5,0,320.8,0.7,436.11
280920101000,3.3,92.9,0,31.4,1.2,258.33
280920101100,3.9,94.6,0,46.3,1.7,316.67
280920101200,4.9,85.5,0,18.5,1.5,516.67
280920101300,6.3,79.8,0,37.5,1.9,516.67
280920101400,6.3,74.5,0,7.5,1.5,444.44
280920101500,7.4,66.7,0,29,1.7,544.44
280920101600,7.1,69,0,19.8,1.6,416.67
280920101700,6.2,80,0,358.9,0.9,144.44
280920101800,4.9,93.8,0,24.9,0.4,13.89
280920101900,3.9,99.9,0,32.6,0.4,0
280920102000,3.2,100,0,33.3,1,0
280920102100,2.7,100,0,76.8,0.4,0
280920102200,2.1,98.6,0,51.7,0.4,0
280920102300,1.1,100,0,75.1,0.4,0
290920100000,0.8,100,0,32.2,0.4,0
290920100100,0.7,100,0,23.4,0.5,0
290920100200,-0.1,100,0,41,0.4,0
290920100300,-0.4,100,0,38.4,0.3,0
290920100400,-0.6,100,0,47.4,0.3,0
290920100500,-0.6,100,0,10.8,0.4,0
290920100600,-0.9,100,0,45.1,0.3,0
290920100700,-1.2,100,0,39.3,0.5,5.56
290920100800,0.6,96.3,0,58.6,1,88.89
290920100900,5.8,63.7,0,32.1,2.4,377.78
290920101000,6.9,56.1,0,13.1,2.6,538.89
290920101100,7.5,51.8,0,19.4,2.5,630.56
290920101200,8.6,47.3,0,23.9,2.1,750
290920101300,8.8,43,0,44.2,2.1,738.89
290920101400,9.2,42.4,0,320.8,2,669.44
290920101500,9.2,43.6,0,18.7,2,583.33
290920101600,9.1,43.8,0,22.5,1.7,416.67
290920101700,8.5,44.9,0,23.3,0.9,205.56
290920101800,6.2,52.1,0,211,0.3,36.11
290920101900,2.9,69.6,0,90.6,0.4,0
290920102000,2.1,76.7,0,40.4,0.3,0
290920102100,1.8,80.2,0,135.7,0.3,0
290920102200,1.4,81.7,0,212.5,0.4,0
290920102300,1.5,80.7,0,145.1,0.6,0
300920100000,1.1,81.6,0,65.5,0.3,0
300920100100,0,92.8,0,66.3,0.3,0
300920100200,0.3,91.5,0,320.3,0.2,0
300920100300,-0.1,90.3,0,344.3,0.2,0
300920100400,-0.7,92.8,0,104.7,0.3,0
300920100500,0,88.8,0,114.5,0.2,0
300920100600,-0.3,92,0,113,0.2,0
300920100700,0,88.71957041,0.2,78.3,0.4,0
300920100800,-1.7,100,0,76.5,0.6,63.89
300920100900,2.2,95.3,0,275.6,0.5,294.44
300920101000,7.8,71.2,0,249,2.4,447.22
300920101100,7.9,64.2,0,246.8,2.6,525
300920101200,9.2,55,0,249.3,2.8,622.22
300920101300,9.6,50.7,0,247.8,2,536.11
300920101400,9.4,52.3,0,249.8,2.4,402.78
300920101500,10.1,53,0,248.3,2.2,430.56
300920101600,9.5,53.4,0,205.3,1,280.56
300920101700,7.9,64.1,0,280.8,0.3,83.33
300920101800,6,81,0,9.5,0.1,13.89
300920101900,4.7,89.4,0,66,0.1,0
300920102000,4.2,96.6,0,96.3,0.1,0
300920102100,3.7,100,0,87.5,0.1,0
300920102200,3.2,100,0,84.3,0.3,0
300920102300,2.7,100,0,95.8,0.3,0
11020100000,2.4,100,0,100,0.2,0
11020100100,2,100,0,88.5,0.3,0
11020100200,0.9,100,0,79.7,0.2,0
11020100300,0.5,100,0,87.2,0.2,0
11020100400,0.8,100,0,80.8,0.2,0
11020100500,0.9,100,0,80.8,0.2,0
11020100600,1.3,100,0,77.5,0.3,0
11020100700,0.8,100,0,89.3,0.3,8.33
11020100800,1.7,100,0,120.6,0.4,72.22
11020100900,4.8,98.4,0,235.6,1.1,144.44
11020101000,5.7,91.2,0,249.3,1.2,247.22
11020101100,7.3,81.1,0,254.7,1.9,327.78
11020101200,6.9,82.3,0,269.7,1.4,300
11020101300,6.2,90.8,0.4,291.1,0.4,127.78
11020101400,5.8,99.1,0.4,243.5,0.1,77.78
11020101500,5.4,100,0,151,0.1,61.11
11020101600,5.4,100,0,151,0,33.33
11020101700,5.4,100,0,22.2,0.2,47.22
11020101800,5,100,0,21.3,0.1,0
11020101900,4.6,100,1,336.7,0.2,0
11020102000,4.5,100,0.4,51,0.1,0
11020102100,4.2,100,0,22.3,0.1,0
11020102200,4,100,0,58.1,0.2,0
11020102300,3.9,100,0,16.3,0.1,0
21020100000,2.9,100,0,63.1,0.1,0
21020100100,3.1,100,0,67.5,0.1,0
21020100200,3.4,100,0,67.5,0,0
21020100300,3.5,100,0,111.5,0.1,0
21020100400,3.3,100,0,107.9,0.1,0
21020100500,3.1,100,0,73.3,0.2,0
21020100600,2.3,100,0,73.2,0.2,0
21020100700,2.3,100,0,88.5,0.1,5.56
21020100800,3.3,100,0,242.5,0.1,55.56
21020100900,4.8,100,0,219.4,0.6,130.56
21020101000,6,100,0,296.2,0.2,163.89
21020101100,7.1,99.7,0,165.1,0.4,172.22
21020101200,9.8,88.5,0,315.3,0.7,438.89
21020101300,12.1,68.7,0,248.8,2.1,569.44
21020101400,11.5,69.3,0,246,2.5,566.67
21020101500,11,74.1,0,244.5,2.5,452.78
21020101600,11,74.1,0,246.3,1.7,305.56
21020101700,9.8,79.6,0,329.5,0.5,119.44
21020101800,7.1,95.1,0,329.5,0,19.44
21020101900,4.9,100,0,74.5,0.1,0
21020102000,5.1,100,0,71,0,0
21020102100,5.4,100,0,139,0.1,0
21020102200,5.5,100,0,139,0,0
21020102300,5.6,100,0,71,0.1,0
31020100000,5.5,100,0,20,0,0
31020100100,5.2,100,0,61.5,0.4,0
31020100200,4.9,100,0,88.4,0.5,0
31020100300,4.4,100,0,88.2,0.8,0
31020100400,4,100,0,95.3,0.7,0
31020100500,3.4,100,0,87.5,0.8,0
31020100600,2.3,100,0,79.1,0.8,0
31020100700,2.2,100,0,98.5,0.7,0
31020100800,2.6,100,0,96.5,0.7,22.22
31020100900,3.7,100,0,100.4,0.5,86.11
31020101000,5.1,100,0,242.5,1.1,158.33
31020101100,5.3,99.9,0,254.7,0.5,111.11
31020101200,6.5,96.3,0,25.7,0.5,177.78
31020101300,8.7,84.8,0,209.5,0.5,330.56
31020101400,8.9,82.4,0,262,1.3,180.56
31020101500,7.4,92.6,0,255,1.3,77.78
31020101600,6.7,97.3,0,251.3,0.6,47.22
31020101700,6.5,100,0,240,0,27.78
31020101800,6.2,100,0,240,0,0
31020101900,5.8,100,0,52.7,0.1,0
31020102000,5.7,100,0,52,0.1,0
31020102100,5.3,100,0,57.5,0.4,0
31020102200,4.8,100,0,63.9,0.4,0
31020102300,4.5,100,0,73.1,0.3,0
41020100000,3.7,100,0,28.5,0.1,0
41020100100,3.8,100,0,357.6,0.4,0
41020100200,4.6,100,0,75.7,0.3,0
41020100300,4,100,0,46.7,0.5,0
41020100400,4.2,100,0,82.5,0.3,0
41020100500,4.4,100,0,87,0.3,0
41020100600,4.7,100,0,47,0.3,0
41020100700,4.9,100,0,47.8,0.2,0
41020100800,5.3,100,0,42.2,0.5,50
41020100900,8.7,92.3,0,41.8,0.8,202.78
41020101000,8.9,85.6,0,271.5,0.8,152.78
41020101100,9.7,79.9,0,140.8,1.1,250
41020101200,12,70.9,0,217.2,1.4,438.89
41020101300,11.5,74.9,0,352.7,1.2,425
41020101400,9.4,82.9,0,77.3,1,97.22
41020101500,9.3,84.7,0,29,1,113.89
41020101600,8.4,89.1,0,51.5,0.6,38.89
41020101700,7.5,99.2,0.2,126.2,0.6,16.67
41020101800,7.2,100,0,34.3,0.4,0
41020101900,6.9,100,0.8,79.4,0.4,0
41020102000,6.9,100,0,51.7,0.7,0
41020102100,7.2,100,0.2,70.6,0.7,0
41020102200,7.4,100,0.4,52,0.7,0
41020102300,7.5,100,0.2,51.7,0.8,0
51020100000,7.9,100,0.2,35.5,1,0
51020100100,8.5,100,6.2,20.4,0.6,0
51020100200,8.4,100,6.8,344.5,0.5,0
51020100300,8.1,100,3.2,48,1,0
51020100400,8,100,1.4,44.2,0.9,0
51020100500,7.9,100,0,21.1,0.5,0
51020100600,7.8,100,0.2,33.6,0.4,0
51020100700,8.1,100,0.2,48.3,0.6,2.78
51020100800,8.7,100,0.8,54.6,0.5,30.56
51020100900,9.4,100,0.2,42.3,0.5,100
51020101000,10.6,100,1.2,30.5,0.4,136.11
51020101100,11.1,100,0.2,25.2,0.8,263.89
51020101200,11.4,100,1.6,260.3,1.5,219.44
51020101300,9.3,100,0,50.9,0.5,158.33
51020101400,11.8,100,0,347.7,0.5,338.89
51020101500,10.4,100,0,299.9,0.3,144.44
51020101600,10.6,100,0,304,0.6,116.67
51020101700,9.8,100,0,22.1,0.1,83.33
51020101800,8.8,100,0,17.9,0.1,16.67
51020101900,7.9,100,0,17.9,0,0
51020102000,7.8,100,0,135,0,0
51020102100,7.4,100,0,70.4,0.1,0
51020102200,7.2,100,0,100.1,0.1,0
51020102300,7.4,100,0,100.1,0,0
61020100000,7.6,100,0,73,0.2,0
61020100100,7.4,100,0,81,0.4,0
61020100200,7.2,100,0,74.1,0.2,0
61020100300,6.9,100,0,71,0.3,0
61020100400,6.1,100,0,61.3,0.2,0
61020100500,4.9,100,0,66.5,0.3,0
61020100600,4.4,100,0,78,0.3,0
61020100700,4.9,100,0,86.5,0.4,0
61020100800,5.4,100,0,92.5,0.6,30.56
61020100900,8.1,100,0,104.4,0.3,255.56
61020101000,13.1,98.2,0,196.4,0.6,416.67
61020101100,15.3,82.5,0,260.2,1,533.33
61020101200,15.6,78.9,0,244,1.3,597.22
61020101300,15.6,78,0,246.8,1.8,644.44
61020101400,15.3,71.8,0,147.6,1,627.78
61020101500,16.3,73.6,0,248.5,2.4,544.44
61020101600,14.1,77.3,0,272.5,1.3,380.56
61020101700,12.8,84.4,0,12.5,0.2,125
61020101800,10.1,98.9,0,30.5,0.1,2.78
61020101900,8.8,100,0,73,0.3,0
61020102000,7.6,100,0,100.7,0.1,0
61020102100,7.6,100,0,108.2,0.1,0
61020102200,7.2,100,0,80.6,0.1,0
61020102300,7.2,100,0,105,0.1,0
71020100000,7.6,100,0,74,0.1,0
71020100100,7.8,100,0,64,0.1,0
71020100200,7.8,100,0,88.4,0.4,0
71020100300,7.7,100,0,81.5,0.1,0
71020100400,7.4,100,0,93.5,0.1,0
71020100500,7.3,100,0,60.8,0.1,0
71020100600,7.4,100,0,91.4,0.1,0
71020100700,7.4,100,0,65.1,0.3,2.78
71020100800,7.4,100,0,81.8,0.6,61.11
71020100900,9.4,99.3,0,144.4,0.4,222.22
71020101000,13.2,83.3,0,241.3,0.9,388.89
71020101100,13.8,78.3,0,248.3,2.2,522.22
71020101200,13.7,76.3,0,252,2.6,580.56
71020101300,14.2,76,0,260.3,1.9,591.67
71020101400,15.5,74.8,0,328.2,1,550
71020101500,15.8,75.8,0,41.2,0.9,444.44
71020101600,13.3,83.3,0,28.4,1.2,161.11
71020101700,10.4,95.2,0,49.6,0.6,38.89
71020101800,9.5,99.4,0,57.8,0.5,11.11
71020101900,9.4,100,0,49,0.2,0
71020102000,9.2,100,0,65.7,0.2,0
71020102100,9,100,0,133,0,0
71020102200,8.9,100,0,231.3,1.1,0
71020102300,8.7,100,0,248.8,1.2,0
81020100000,8.4,100,0,225.3,0.5,0
81020100100,8.2,100,0,187,0.1,0
81020100200,8.2,100,0,332,0.1,0
81020100300,7.8,100,0,60.5,0.1,0
81020100400,7.1,100,0,64.5,0.1,0
81020100500,6.9,100,0,80,0.3,0
81020100600,6.6,100,0,77.3,0.6,0
81020100700,5.3,100,0,83.4,0.5,0
81020100800,5,100,0,83.4,0,41.67
81020100900,7.3,100,0,263.4,0.2,108.33
81020101000,9.4,98.2,0,247.7,1.1,188.89
81020101100,11,90.7,0,254.5,2.2,411.11
81020101200,11.8,82.1,0,251,2.1,511.11
81020101300,12.3,85.8,0,269.6,1.3,613.89
81020101400,12.2,85.2,0,242.1,1.3,397.22
81020101500,11.2,85.2,0,258.7,1,208.33
81020101600,10,92.7,0,257.5,1.9,102.78
81020101700,8.2,100,0,262,1.2,25
81020101800,7.8,100,0,257.5,1.1,0
81020101900,7.3,100,0,257.3,0.8,0
81020102000,6.8,100,0,242.5,0.1,0
81020102100,7.1,100,0,254.5,1,0
81020102200,6.6,100,0,254.5,0.9,0
81020102300,6.2,100,0,249,0.8,0
91020100000,6.2,100,0,251.5,0.9,0
91020100100,6.2,100,0,250.2,0.6,0
91020100200,6.1,100,0,253.8,0.8,0
91020100300,6.1,100,0,245,0.6,0
91020100400,6,100,0,254.8,1,0
91020100500,5.8,100,0,258,0.4,0
91020100600,5.8,100,0,260.8,0.2,0
91020100700,6,100,0,258.8,0.3,0
91020100800,6.3,100,0,258.7,0.7,13.89
91020100900,6.3,100,0,257.5,0.7,47.22
91020101000,6.5,100,0,252.8,0.8,80.56
91020101100,7.3,100,0,275.2,1.1,155.56
91020101200,8.5,100,0,250.8,1.9,305.56
91020101300,9.9,100,0,249.8,2.4,544.44
91020101400,9.9,100,0,258.8,2.4,447.22
91020101500,8.1,100,0,252.5,1.3,186.11
91020101600,8.1,100,0,256,0.9,113.89
91020101700,8.1,99.6,0,285,0.1,69.44
91020101800,6.5,100,0,49.5,0.1,2.78
91020101900,5.9,100,0,55,0.2,0
91020102000,3.8,100,0,66.3,0.2,0
91020102100,2.6,100,0,78,0.4,0
91020102200,2.1,100,0,78.8,0.4,0
91020102300,1.6,100,0,76,0.5,0
101020100000,1.4,100,0,81.3,0.5,0
101020100100,1.6,100,0,92,0.2,0
101020100200,2.8,100,0,87.7,0.2,0
101020100300,3.7,100,0,64.8,0.4,0
101020100400,4.5,100,0,67.8,0.7,0
101020100500,4.4,100,0,75.8,1.4,0
101020100600,3.7,100,0,82.3,1.6,0
101020100700,2.9,100,0,85,1.1,2.78
101020100800,2.6,99.4,0,94.3,0.4,41.67
101020100900,5.4,92.4,0,207.9,0.3,216.67
101020101000,9.4,80,0,250,1.7,369.44
101020101100,9,75.5,0,251.8,2.8,483.33
101020101200,9,71.7,0,255.3,2.7,552.78
101020101300,9.9,66.5,0,253,2.4,644.44
101020101400,10.6,67.5,0,204,1.2,544.44
101020101500,9.9,71,0,25.2,1.2,355.56
101020101600,7.9,76.6,0,296.9,0.7,175
101020101700,7.3,80.9,0,118.1,0.3,50
101020101800,5.9,86.8,0,345.5,0.1,0
101020101900,4.8,93.3,0,57.2,0.3,0
101020102000,3.7,98.8,0,71.3,0.4,0
101020102100,2.6,100,0,63.6,0.7,0
101020102200,2.3,100,0,51.9,0.3,0
101020102300,3.2,100,0,63.3,0.2,0
111020100000,3.5,100,0,22.9,0.1,0
111020100100,2.4,100,0,63.7,0.3,0
111020100200,0.9,100,0,77,0.5,0
111020100300,0.1,100,0,69.3,0.3,0
111020100400,-0.5,100,0,79,0.5,0
111020100500,-0.7,100,0,69.8,0.5,0
111020100600,-1,100,0,74.5,0.4,0
111020100700,-1.3,100,0,85.8,0.4,0
111020100800,-0.7,100,0,80.5,0.5,25
111020100900,2.1,99.3,0,159.5,0.4,197.22
111020101000,8.2,79.9,0,247.5,1.8,375
111020101100,8.4,72.4,0,245.8,2.1,502.78
111020101200,9.6,59.1,0,354.9,1.7,563.89
111020101300,10.9,46,0,115.1,1.5,572.22
111020101400,11,46.8,0,246.9,1.5,522.22
111020101500,11,45,0,302.1,1.1,386.11
111020101600,10.5,47.3,0,228.3,0.6,205.56
111020101700,8.2,58.5,0,19.3,0.3,80.56
111020101800,4.1,78.4,0,66.8,0.2,0
111020101900,1.4,88.5,0,85.8,0.3,0
111020102000,0,94.3,0,82.5,0.3,0
111020102100,-0.9,97.3,0,82.5,0.3,0
111020102200,-1.2,99.5,0,76.3,0.4,0
111020102300,-1.4,100,0,76.2,0.6,0
121020100000,-1.5,100,0,77.8,0.6,0
121020100100,-1.8,100,0,76,0.6,0
121020100200,-2,100,0,74.3,0.5,0
121020100300,-2.4,100,0,74,0.5,0
121020100400,-2.5,100,0,76.3,0.4,0
121020100500,-2.7,100,0,72.5,0.5,0
121020100600,-2.8,100,0,76.3,0.5,0
121020100700,-2.8,100,0,77.3,0.5,0
121020100800,-2.6,100,0,77.8,0.7,11.11
121020100900,0,98,0,46.4,0.3,233.33
121020101000,7.4,76.1,0,244.3,0.9,372.22
121020101100,7.8,66.2,0,247,1.5,363.89
121020101200,8.4,64.3,0,249.3,2.4,536.11
121020101300,9.7,54,0,249.8,2.7,561.11
121020101400,10.2,52.2,0,248.8,1.6,513.89
121020101500,11.3,50.3,0,255.8,1.4,377.78
121020101600,10.9,54,0,330.3,0.4,194.44
121020101700,8.9,68.1,0,14,0.1,88.89
121020101800,3.9,85.1,0,81.8,0.5,2.78
121020101900,1.8,93.4,0,85.3,0.4,0
121020102000,0.7,95.8,0,77,0.4,0
121020102100,1.3,92.5,0,77.5,0.5,0
121020102200,1.1,93.7,0,76.7,0.5,0
121020102300,0.1,97.6,0,80,0.5,0
131020100000,0,97,0,68.8,0.4,0
131020100100,-0.2,97.9,0,75.8,0.6,0
131020100200,-0.1,99.1,0,74.8,0.5,0
131020100300,-0.3,99.4,0,74.3,0.6,0
131020100400,-0.8,98.5,0,59.6,0.5,0
131020100500,-2.4,100,0,85.1,0.5,0
131020100600,-2.6,100,0,86.9,0.5,0
131020100700,-2.4,100,0,74.5,0.6,0
131020100800,-1.6,100,0,74,0.4,50
131020100900,1.2,99.9,0,167.7,0.2,152.78
131020101000,6.5,83.2,0,247.3,0.8,280.56
131020101100,6.8,72.8,0,254.3,1.3,311.11
131020101200,7.7,65.4,0,253,1.4,336.11
131020101300,8.4,62.4,0,241.3,1,347.22
131020101400,8.7,59.3,0,251.3,1.5,302.78
131020101500,8.7,61.3,0,253,1.5,275
131020101600,8.5,64,0,283.7,1,197.22
131020101700,7.2,74.1,0,358.1,0.1,72.22
131020101800,4.5,90,0,70.3,0.2,8.33
131020101900,3,97.2,0,85.3,0.4,0
131020102000,1.7,99.8,0,84,0.4,0
131020102100,0.7,100,0,78.5,0.4,0
131020102200,0.1,100,0,80,0.6,0
131020102300,-0.5,100,0,77,0.5,0
141020100000,-1,100,0,76,0.5,0
141020100100,-1.3,100,0,73.3,0.6,0
141020100200,-1.5,100,0,76.8,0.6,0
141020100300,-1.8,100,0,74.5,0.5,0
141020100400,-2.1,100,0,75.8,0.6,0
141020100500,-2.3,100,0,83,0.6,0
141020100600,-2.2,100,0,79,0.6,0
141020100700,-2.3,100,0,77.3,0.6,0
141020100800,-2.2,100,0,81.3,0.7,16.67
141020100900,0,99.5,0,5.7,0.5,150
141020101000,6.6,84,0,248.5,1.1,372.22
141020101100,8.1,69.2,0,244.3,1.9,483.33
141020101200,8.5,62.6,0,250,2.7,541.67
141020101300,9.1,60.8,0,250.5,2.6,547.22
141020101400,10,57.9,0,251.5,2.5,494.44
141020101500,10.1,59.6,0,252,2.3,363.89
141020101600,9.9,60.5,0,288,1.2,177.78
141020101700,8.3,73.4,0,20.3,0.1,80.56
141020101800,3.9,90.5,0,83,0.3,0
141020101900,1.9,98.1,0,78,0.5,0
141020102000,0.7,100,0,75.8,0.6,0
141020102100,0,100,0,76,0.7,0
141020102200,-0.6,100,0,72,0.6,0
141020102300,-1,100,0,73.8,0.6,0
151020100000,-1.3,100,0,74.8,0.6,0
151020100100,-1.6,100,0,74.5,0.7,0
151020100200,-2,100,0,73,0.7,0
151020100300,-2.2,100,0,77.5,0.7,0
151020100400,-2.4,100,0,73,0.7,0
151020100500,-2.7,100,0,72.3,0.7,0
151020100600,-2.8,100,0,77,0.7,0
151020100700,-3,100,0,73.3,0.7,0
151020100800,-2.8,100,0,75.3,0.8,16.67
151020100900,-0.9,99.7,0,105.2,0.4,136.11
151020101000,6.3,83.4,0,241.8,1.3,361.11
151020101100,7.8,64.1,0,248.5,2.1,477.78
151020101200,8.6,53.9,0,249,2.9,536.11
151020101300,8.9,49.6,0,251.5,2.8,536.11
151020101400,9.4,48.8,0,254.3,2.1,486.11
151020101500,10,48.4,0,275.9,1.8,355.56
151020101600,9.2,56,0,346.6,0.9,169.44
151020101700,8,62.8,0,69.3,0.8,77.78
151020101800,4.7,75.1,0,60.5,0.7,2.78
151020101900,2.5,86.6,0,324.5,0.3,0
151020102000,0.4,93.5,0,85.4,0.2,0
151020102100,-1,97.3,0,83.8,0.3,0
151020102200,-1.8,98.9,0,83.3,0.5,0
151020102300,-1.9,99.9,0,88.2,0.4,0
161020100000,-0.8,98.6,0,91.3,0.5,0
161020100100,0.4,94.8,0,118.5,0.3,0
161020100200,0.5,96,0,32.4,0.2,0
161020100300,-0.5,97.3,0,82,0.3,0
161020100400,-0.2,99.9,0,69,0.1,0
161020100500,0.1,100,0,90.5,0.2,0
161020100600,-0.2,100,0,89.8,0.2,0
161020100700,0.3,100,0,197,0,0
161020100800,0.9,100,0,55,0.2,16.67
161020100900,2,98.2,0,12.7,0.8,66.67
161020101000,2.7,96.5,0,249,1.9,147.22
161020101100,2.8,99.6,0,253.3,1.6,183.33
161020101200,3.8,92.4,0,331.8,1.5,305.56
161020101300,2.8,93.9,0,69.8,1.1,219.44
161020101400,2.6,93.6,0,313.7,1.2,150
161020101500,2.5,92.7,0,306.4,1,97.22
161020101600,1.9,99.2,0,283.3,0.7,66.67
161020101700,1.5,99.1,0.2,252.8,0.6,19.44
161020101800,0.7,100,0,114,0.5,0
161020101900,0.5,100,0.4,274.2,0.2,0
161020102000,0.2,100,1.2,196.8,0.3,0
161020102100,-1,100,1.2,196.8,0,0
161020102200,-1.4,100,1,233.5,0.1,0
161020102300,-1.5,100,0.8,256.5,0.1,0
171020100000,-1.5,100,0.4,237.1,0.4,0
171020100100,-1.4,100,0.4,255,0.8,0
171020100200,-1.4,100,0.6,256,1,0
171020100300,-1.4,100,0.4,252.8,0.8,0
171020100400,-1.4,100,0.2,250,0.7,0
171020100500,-1.3,100,0.6,254.3,0.8,0
171020100600,-1.4,100,0,267.8,1,0
171020100700,-1.3,100,0,255.5,1.1,0
171020100800,-1.2,100,0.2,222.4,0.7,2.78
171020100900,-0.8,100,0,98.3,1,41.67
171020101000,-0.2,100,0,90.3,2,94.44
171020101100,0.1,97.1,0,85.5,2,150
171020101200,0,98.4,0,89,1.9,197.22
171020101300,0.3,99,0,123.9,1.4,225
171020101400,1.3,97.3,0,82.6,0.4,200
171020101500,1.2,99.7,0,115.3,1,113.89
171020101600,0.4,99.8,0,59.1,0.7,122.22
171020101700,0.7,99.9,0,76.5,0.5,86.11
171020101800,-0.1,100,0,13.6,0.2,5.56
171020101900,-0.5,100,0,69.4,0.2,0
171020102000,-0.7,100,0,55.5,0.2,0
171020102100,-1,100,0,53.5,0.2,0
171020102200,-0.9,100,0,256.9,0.1,0
171020102300,-0.9,100,0,49,0.1,0
181020100000,-1.1,100,0,27,0,0
181020100100,-1.6,100,0,73.5,0.1,0
181020100200,-2.8,100,0,66,0.3,0
181020100300,-2.8,100,0,38,0.3,0
181020100400,-3.3,100,0,65.3,0.3,0
181020100500,-3.8,100,0,74.4,0.3,0
181020100600,-4,100,0,56.3,0.3,0
181020100700,-4.2,100,0,94.2,0.3,0
181020100800,-4.1,100,0,111.6,0.3,16.67
181020100900,-2.4,100,0,86.8,0.3,144.44
181020101000,1,99.7,0,172.3,0.6,288.89
181020101100,4.3,85.6,0,208.8,1.3,461.11
181020101200,5.2,76.5,0,239.7,1.9,508.33
181020101300,5.3,75.1,0,253.3,1.9,441.67
181020101400,4.8,78.2,0,228,1.1,316.67
181020101500,5.6,76.8,0,330.3,0.8,280.56
181020101600,3.7,86.9,0,9,0.1,77.78
181020101700,2.3,100,0,45.3,0.1,50
181020101800,0.5,100,0,73,0.4,2.78
181020101900,-1.4,100,0,81.8,0.4,0
181020102000,-2.5,100,0,102.6,0.4,0
181020102100,-3,100,0,64.3,0.3,0
181020102200,-3.3,100,0,95.4,0.2,0
181020102300,-3.6,100,0,59.7,0.3,0
191020100000,-3.7,100,0,83.1,0.3,0
191020100100,-3.6,100,0,91.4,0.2,0
191020100200,-3.9,100,0,69.8,0.2,0
191020100300,-4.2,100,0,83.1,0.3,0
191020100400,-4.4,100,0,79.4,0.2,0
191020100500,-4.7,100,0,81.1,0.3,0
191020100600,-4.9,100,0,81,0.2,0
191020100700,-5.1,100,0,84.3,0.3,0
191020100800,-5,100,0,86.5,0.6,5.56
191020100900,-3.7,100,0,90.3,0.7,105.56
191020101000,-0.3,98,0,248.6,0.4,327.78
191020101100,5.1,76.2,0,242.8,1.4,450
191020101200,5.7,68.5,0,252,2.1,508.33
191020101300,6.5,63.2,0,244.3,2.4,522.22
191020101400,7.6,59.2,0,258.7,1.7,458.33
191020101500,8.1,55.2,0,262.5,1.4,350
191020101600,7.6,57.4,0,315.4,0.3,147.22
191020101700,5.6,73.3,0,53,0.3,75
191020101800,0.4,89.9,0,80.3,0.5,0
191020101900,-1.7,95.1,0,75.8,0.5,0
191020102000,-2.7,96.8,0,72,0.5,0
191020102100,-3.1,98.2,0,81.3,0.5,0
191020102200,-2.5,98.9,0,84.2,0.4,0
191020102300,-2.3,98.9,0,82.5,0.5,0
201020100000,-2,99.4,0,68.9,0.5,0
201020100100,-2.3,99.2,0,72.8,0.4,0
201020100200,-3.4,98.1,0,67.7,0.4,0
201020100300,-4.1,97.1,0,63.7,0.3,0
201020100400,-4.6,98.9,0,72.3,0.3,0
201020100500,-4.7,98.6,0,58.1,0.6,0
201020100600,-2.9,96.8,0,137.1,0.3,0
201020100700,-3.3,98.7,0,75.8,0.3,0
201020100800,-2.9,99.9,0,111.3,0.5,11.11
201020100900,-0.9,95.1,0,216.5,0.8,136.11
201020101000,2,78.3,0,247.3,2.9,300
201020101100,3.5,65.5,0,224,2,475
201020101200,4.7,51.4,0,238.3,3.1,433.33
201020101300,5.1,49.2,0,154.8,1.4,550
201020101400,4,53.8,0,268,3,288.89
201020101500,4,48.9,0,166.8,1.6,325
201020101600,1.9,57.5,0,33.6,0.4,50
201020101700,1.5,63,0,34.5,0.4,47.22
201020101800,-0.8,70.4,0,55.7,0.5,0
201020101900,-3,74.8,0,46,0.4,0
201020102000,-3.9,78.4,0,72.5,0.4,0
201020102100,-4.6,82,0,62.4,0.3,0
201020102200,-4.9,84.3,0,67.3,0.3,0
201020102300,-5.2,86.1,0,75.3,0.4,0
211020100000,-5.6,88.3,0,72.3,0.4,0
211020100100,-5.8,89.6,0,76.5,0.4,0
211020100200,-6.3,91.2,0,75.5,0.5,0
211020100300,-6.5,91.1,0,74.5,0.6,0
211020100400,-6.7,91.2,0,75,0.6,0
211020100500,-7,90.8,0,81.9,0.5,0
211020100600,-7.2,90.9,0,84,0.4,0
211020100700,-7.5,91.1,0,71.3,0.4,0
211020100800,-7.4,90.2,0,90.8,0.4,8.33
211020100900,-5.9,87,0,67.4,0.5,108.33
211020101000,0.1,67.6,0,249.4,1.5,344.44
211020101100,1.8,50.1,0,247.5,2.5,450
211020101200,2.6,43,0,244,2.4,508.33
211020101300,3.7,35.4,0,196.2,1.8,511.11
211020101400,4.4,33.4,0,262.6,1.9,455.56
211020101500,4.7,33.1,0,249.5,1.8,344.44
211020101600,4.3,33,0,311.6,0.6,138.89
211020101700,1.6,49.9,0,40.9,0.2,55.56
211020101800,-2,59.4,0,77.5,0.6,2.78
211020101900,-3.5,68.5,0,81.2,0.3,0
211020102000,-4.5,73.4,0,71,0.2,0
211020102100,-5.1,77.1,0,60.5,0.1,0
211020102200,-5.5,80.7,0,83.1,0.2,0
211020102300,-5.4,83,0,64.7,0.1,0
221020100000,-5.9,85.5,0,60,0.2,0
221020100100,-5.8,85.9,0,76.8,0.3,0
221020100200,-5.9,87.6,0,76.8,0.5,0
221020100300,-5.9,88.5,0,76.8,0.5,0
221020100400,-6,89.1,0,70.5,0.6,0
221020100500,-6.1,90.6,0,77.5,0.6,0
221020100600,-6.5,92.3,0,72.5,0.5,0
221020100700,-6.9,92.4,0,72,0.6,0
221020100800,-6.7,91.8,0,80,0.7,8.33
221020100900,-5.2,88.3,0,87.4,0.5,97.22
221020101000,-0.5,75,0,230,1.2,291.67
221020101100,3.3,53.9,0,251.5,2.9,433.33
221020101200,3.1,53.8,0,249.5,3,475
221020101300,4,51.2,0,251.5,2.4,508.33
221020101400,5,51.6,0,252.8,2.4,402.78
221020101500,3.6,56.6,0,251.3,2.5,188.89
221020101600,2.9,61.2,0,256.1,0.9,105.56
221020101700,2,67.4,0,65.2,0.4,30.56
221020101800,0.2,75.4,0,81.3,0.6,0
221020101900,-2,82.7,0,81.5,0.4,0
221020102000,-2.3,85.5,0,80.5,0.5,0
221020102100,-3.2,89.5,0,76,0.5,0
221020102200,-3.3,91.6,0,76.7,0.4,0
221020102300,-3.6,93.9,0,68.8,0.4,0
231020100000,-3.9,95.4,0,78,0.4,0
231020100100,-3.9,97.2,0,73,0.5,0
231020100200,-4,98,0,73.5,0.5,0
231020100300,-3.6,98.6,0,71.5,0.5,0
231020100400,-3,98,0,63.9,0.4,0
231020100500,-2.6,98,0,11.4,0.5,0
231020100600,-2.4,98.4,0,67.8,0.3,0
231020100700,-2.3,98.7,0,60.8,0.5,0
231020100800,-1.9,99.1,0,65.8,0.2,27.78
231020100900,-0.6,96.4,0,41.7,0.2,61.11
231020101000,0.5,95.4,0,37.1,0.2,69.44
231020101100,2.5,86.3,0,244.9,0.9,116.67
231020101200,1.8,85.9,0,251,1,113.89
231020101300,2,83.3,0,256.3,0.9,105.56
231020101400,1.9,84.4,0,257.8,1,111.11
231020101500,2,85.9,0,253,0.8,94.44
231020101600,1.8,88,0,122.8,0.2,55.56
231020101700,1.6,89.8,0,322.9,0.2,19.44
231020101800,0.9,94.4,0,262.7,0.3,0
231020101900,0.5,96.8,0,108.8,0.2,0
231020102000,0.2,98.4,0,24.5,0.2,0
231020102100,0,99.6,0,49.4,0.2,0
231020102200,0.1,100,0,77.8,0.5,0
231020102300,0.1,100,0,47.2,0.7,0
241020100000,1.2,98.5,0,52.9,0.7,0
241020100100,1.8,93.5,0,27,0.4,0
241020100200,1.6,95.6,0,43,0.4,0
241020100300,1.4,96.3,0,359.5,0.3,0
241020100400,0.9,97.7,0,16.4,0.5,0
241020100500,1.3,95.1,0,165.3,0.4,0
241020100600,0.3,100,0,36.2,0.4,0
241020100700,0.9,98.3,0,31.1,0.6,0
241020100800,1.4,93.9,0,20.5,1,27.78
241020100900,2.2,89.3,0,208.7,0.8,55.56
241020101000,2.5,86.4,0,30.4,1.1,44.44
241020101100,2.4,88.1,0,68,0.8,58.33
241020101200,2.3,90.6,0,330.3,0.8,61.11
241020101300,2.9,89.5,0,334.2,0.6,119.44
241020101400,4,81.6,0,55.2,1.1,102.78
241020101500,3.4,85.1,0,312.7,1.1,80.56
241020101600,3,87.8,0,52.4,1.2,41.67
241020101700,2.4,94.3,0,35.2,0.9,0
241020101800,2,97.1,0,57.6,0.8,0
241020101900,1.6,99.9,0.2,22.4,1.1,0
241020102000,1.3,100,0.2,316.4,1,0
241020102100,0.9,100,1.8,95.1,0.4,0
241020102200,0.8,100,1.8,107,0.4,0
241020102300,0.7,100,1.2,252.5,0.7,0
251020100000,0.9,100,3.6,54.5,0.7,0
251020100100,0.9,100,2.4,91.9,0.7,0
251020100200,0.6,100,1.4,109.3,0.9,0
251020100300,0.4,100,1.2,85.5,1.7,0
251020100400,0.5,100,2.4,66.5,1.4,0
251020100500,0.2,100,4.4,62.3,1.1,0
251020100600,-0.4,100,4.6,50.7,0.7,0
251020100700,-0.9,100,2,257.3,1.7,0
251020100800,-1.8,100,2.2,259,1.3,0
251020100900,-2.1,100,2.4,227.9,1.2,0
251020101000,-2.4,100,2.4,257,0.8,0
251020101100,-2.5,100,2.8,239.5,0.6,0
251020101200,-2.7,100,3,240,0.1,0
251020101300,-2.6,100,2.6,249.5,0.3,0
251020101400,-2.7,100,0.2,90,0,0
251020101500,-2.9,100,0,90,0,0
251020101600,-2.9,100,0,90,0,0
251020101700,-3,100,0,90,0,0
251020101800,-3.1,100,0,90,0,0
251020101900,-3,100,0,90,0,0
251020102000,-3.1,100,0,90,0,0
251020102100,-3.3,100,0,90,0,0
251020102200,-3.3,100,0,90,0,0
251020102300,-3.2,88.71957041,0,90,0,0
261020100000,-3.3,100,0,90,0,0
261020100100,-3.3,100,0,90,0,0
261020100200,-3.4,88.71957041,0,90,0,0
261020100300,-3.5,88.71957041,0,90,0,0
261020100400,-3.9,88.71957041,0,90,0,0
261020100500,-4.4,88.71957041,0,90,0,0
261020100600,-4.7,100,0,90,0,0
261020100700,-4.6,100,0,90,0,0
261020100800,-3.9,100,0,90,0,0
261020100900,-2.6,100,1.4,157.8,0.1,30.56
261020101000,-1.8,100,1.8,246.7,0.3,36.11
261020101100,-1.2,100,2,203.5,0.5,41.67
261020101200,-0.1,100,2.2,349.7,0.5,86.11
261020101300,0.3,92.2,2.4,238.4,0.5,66.67
261020101400,-0.1,89.1,2.4,292.3,0.2,61.11
261020101500,0.9,84,1.8,325.2,0.4,55.56
261020101600,1.2,84.8,1.6,334,0.2,61.11
261020101700,0.1,88.5,1.6,303.2,0.2,30.56
261020101800,-3.9,99.2,1.2,33.3,0.1,0
261020101900,-5.1,100,0,60.6,0.2,0
261020102000,-5.5,100,0,69.8,0.3,0
261020102100,-6.2,100,0,83.1,0.3,0
261020102200,-6.9,100,0,131.2,0.2,0
261020102300,-7.8,100,0,83,0.2,0
271020100000,-8.3,100,0,80.8,0.4,0
271020100100,-8.4,100,0,99.2,0.4,0
271020100200,-8.5,100,0,80.8,0.4,0
271020100300,-8.3,100,0,82.5,0.4,0
271020100400,-7.7,100,0,75.1,0.4,0
271020100500,-8.1,100,0,103.4,0.4,0
271020100600,-8.2,100,0,95,0.4,0