Date,WindS,WindDir,RelHum,AirT,SWin
230519932345,1.424,68.150018,83.299997,-1.176,22.25
240519930015,1.738,68.53001,86.599998,-2.221,14.74
240519930045,1.986,68.050017,87.599997,-2.637,10.04
240519930115,1.899,56.640005,88.700003,-3.287,7.42
240519930145,1.603,60.470017,89.799997,-3.588,6.617
240519930215,1.454,62.200011,89.700001,-3.727,7
240519930245,0.862,74.39999,89.500003,-3.866,9.04
240519930315,1.251,51.649993,89.2,-4.091,13.38
240519930345,1.485,39.690004,89.199998,-4.408,21.06
240519930415,1.167,24.919984,89.399999,-4.359,35.53
240519930445,1.155,30.13001,88.900001,-4.007,57.55
240519930515,1.377,30.830001,87.599999,-3.615,85.3
240519930545,1.897,27.47,86.399999,-3.423,118.6
240519930615,1.749999,19.709997,86.900001,-3.396,157.5
240519930645,1.653,18.520006,87.299999,-3.004,203
240519930715,0.922,35.599977,84.500002,-1.409,251.2
240519930745,1.442,77.499998,80,-0.257,296.1
240519930815,1.776,85.600001,78.799999,0.039,359.8
240519930845,1.757,83.799995,77.000002,1.071,413.6
240519930915,2.517,77.499989,76.800001,1.193,468.1
240519930945,2.702,177.799997,76.000003,1.746,520.8
240519931015,3.112,173.000008,73.900002,2.377,569.3
240519931045,3.74,162.400005,72.000001,2.858,615.4
240519931115,3.874,169.699998,69.450002,3.032,653.8
240519931145,3.949,168.500001,68.239999,3.13,687.1
240519931215,4.479,169.100006,67.839999,3.192,715
240519931245,5.005,85.199996,68.74,3.053,730
240519931315,4.668,176.400002,68.870002,3.334,742
240519931345,4.849,86.400003,68.859998,3.44,743
240519931415,4.881,175.700002,66.89,3.678,738
240519931445,4.909,87.9,66.149999,3.757,723
240519931515,4.717,79.399994,66.029998,3.77,700
240519931545,4.818,77.000002,66.510001,3.863,670.9
240519931615,4.976,75.299994,66.649999,3.947,635.9
240519931645,5.166,75.000003,66.469998,4.022,597.5
240519931715,5.374,72.999996,66.69,4.065,554
240519931745,4.704,61.749997,68.109999,4.135,504.8
240519931815,4.514,55.299996,68.999999,4.165,454.5
240519931845,3.964,54.479997,69.709998,4.171,404.2
240519931915,3.954,56.630005,70.200001,4.169,351.3
240519931945,3.97,53.399994,71.2,3.918,299.7
240519932015,3.846,53.140009,72.999998,3.579,250.1
240519932045,3.821,49.120002,74.600001,3.26,202.5
240519932115,3.254,52.060007,75.7,3.036,160.3
240519932145,3.157,48.220004,77.1,2.67,123.3
240519932215,2.991,46.839996,78.999998,2.148,89.6
240519932245,2.543,43.410006,81.800001,1.459,61.13
240519932315,1.867,39.040002,84.6,0.783,37.87
240519932345,1.778999,38.179995,85.400003,0.382,24
250519930015,1.935,43.8,85.4,-0.03,16.26
250519930045,1.899,35.520018,85.399997,-0.592,11.27
250519930115,1.086,34.810014,87.300001,-1.138,8.38
250519930145,1.294,82.69998,87.699997,-1.688,7.08
250519930215,1.141,173.100006,87.700002,-1.378,7.34
250519930245,0.623,167.300016,87.300003,-1.578,9.17
250519930315,1.227,81.700002,85.100002,-1.151,13.62
250519930345,1.439,53.83002,85.800003,-1.819,21.75
250519930415,1.372,60.640006,86.199999,-1.648,36.75
250519930445,1.444,60.129999,85.999999,-1.729,58.85
250519930515,1.75,55.769994,85.400003,-1.317,86.5
250519930545,1.418,65.649996,83.199999,-0.446,120.4
250519930615,0.898,80.900001,78.7,0.85,160
250519930645,0.789,65.830027,76.300002,1.585,204
250519930715,1.598,151.100002,73.599998,2.991,254.9
250519930745,2.563,135.599995,71.800001,3.659,302.9
250519930815,3.049,134.899997,69.579999,4.191,366.7
250519930845,3.261,138.1,68.119999,4.646,421
250519930915,3.793,134.399998,67.360002,4.867,474.1
250519930945,3.542,141.199995,66.17,5.304,523.9
250519931015,3.47,168.200005,67.179999,5.095,570.5
250519931045,3.807,172.500004,69.069999,4.694,614.3
250519931115,3.718,165.899994,68.430001,5.043,650.8
250519931145,3.946001,160.2,67.260002,5.435,682.9
250519931215,4.081,157.400003,66.26,5.813,707
250519931245,4.512,159.199993,64.88,6.052,726
250519931315,4.657,161.399992,63.89,6.194,736
250519931345,4.852,156.399995,62.989999,6.551,740
250519931415,4.88,158.000001,60.909999,6.798,733
250519931445,5.472,163.299999,59.519999,6.77,723
250519931515,5.042,160.600006,58.390002,7.06,704
250519931545,4.738,159.600004,57.690001,7.26,674.1
250519931615,4.904,161.700002,56.86,7.33,638.4
250519931645,4.834,159.199999,56.029999,7.54,600.2
250519931715,4.433,156.400003,56.15,7.79,555.5
250519931745,4.772,158.999999,55.680001,7.86,511
250519931815,4.892,158.600002,55.570002,7.72,459.9
250519931845,4.18,157.900007,55.85,7.61,383.1
250519931915,3.768,159.300002,56.27,7.67,343.4
250519931945,3.886,167.800002,56.059999,7.55,295.9
250519932015,3.53,165.800001,56.569998,7.26,245.6
250519932045,2.594,170.599989,59.570001,6.741,183.7
250519932115,1.956,167.199995,62.299998,6.196,134
250519932145,2.077,168.399997,62.809999,5.916,122.3
250519932215,2.187,176.399996,64.640002,5.248,90.6
250519932245,2.303,84.600011,68.61,4.118,64.76
250519932315,2.471,81.30001,71.6,3.224,39.76
250519932345,2.226,81.000002,74.199997,2.614,24.95
260519930015,1.605,78.499983,75.399999,2.204,17.28
260519930045,1.928,86.999992,75.6,2.251,12.72
260519930115,1.88,175.300011,75.800002,2.492,8.96
260519930145,1.778,72.5,77.4,2.334,7.99
260519930215,0.924,86.299991,79.099998,2.368,8.16
260519930245,0.717,72.699972,78.500002,2.549,9.71
260519930315,1.578,157.199986,78.399999,2.572,12.58
260519930345,1.969,142.500011,79.400002,2.159,19.08
260519930415,2.484,120.700008,79.2,2.193,33
260519930445,2.871,111.900001,76.199998,3.411,59.26
260519930515,3.111,106.299999,74.799999,4.174,86.8
260519930545,3.229,113.199993,74.199998,4.582,118.4
260519930615,3.533,117.099997,71.600001,5.486,160.3
260519930645,3.685,111.799995,70.200001,5.878,203
260519930715,3.193,115.699992,69.730002,6.043,213.1
260519930745,3.335,132.200002,68.970002,6.46,237.5
260519930815,2.963,142.399999,69.409998,6.574,349.9
260519930845,3.561,140.499993,67.179999,7.57,418.9
260519930915,3.502,153.100006,66.499999,7.92,492.9
260519930945,4.269,140.999996,65.590001,8.35,575.6
260519931015,4.269,134.400001,65.549999,8.13,417.1
260519931045,4.242,135.999994,64.929998,8.67,529.3
260519931115,4.004,134.099999,63.499999,9.42,522.8
260519931145,3.687,142.099994,63.08,9.69,472.4
260519931215,4.351,148.799995,62.589999,9.98,534.3
260519931245,4.138999,154.500002,61.82,10.52,607.9
260519931315,4.774,154,60.680001,11.03,656.6
260519931345,5.215,142.899996,58.560002,12,702
260519931415,5.052999,142.7,56.389999,12.56,730
260519931445,5.027,143.100006,54.490001,12.97,714
260519931515,4.746,144.100005,52.770001,13.33,714
260519931545,4.127,150.599995,50.839998,13.71,631.9
260519931615,3.975,151.500001,50.409999,13.27,510
260519931645,3.839,156.599997,50.519999,13,464.8
260519931715,3.53,157.799999,50.840001,12.85,422.2
260519931745,3.364,158.399999,50.219999,13.18,439.1
260519931815,3.356999,149.600002,49.279999,13.58,379.1
260519931845,3.177,145.700001,49.470001,13.38,304.1
260519931915,2.774,113.200006,49.719999,12.86,267.7
260519931945,2.185,128.899999,51.19,12.39,210.8
260519932015,1.8,120.89999,52.469999,12.22,184.3
260519932045,1.463,106.499986,55.459999,11.96,144
260519932115,2.194,185.999988,55.839999,11.68,107.6
260519932145,3.066,191.099995,60.280001,10.25,83.3
260519932215,2.235,185.600006,67.819998,8.76,48.41
260519932245,3.005,194.800011,70.6,8.7,36.42
260519932315,2.755,191.900011,72.599998,8.21,25.79
260519932345,2.392,184.899993,76.199998,7.36,11.11
270519930015,1.513999,121.099992,78.800001,6.79,5.94
270519930045,0.553,84.200013,81.800001,6.336,3.609
270519930115,0.392,144.600018,82.800001,6.709,1.43
270519930145,0.703,51.890005,84.399999,6.621,1.365
270519930215,0.625,57.879981,85.5,6.581,2.63
270519930245,1.28,40.600008,85.899999,6.653,3.687
270519930315,1.153,65.010023,84.800002,7.34,3.489
270519930345,0.043,88.69941,84.100002,7.52,10.57
270519930415,0.337,132.800031,84.7,7.32,19.9
270519930445,0.293,135.800079,84.800001,7.39,29.79
270519930515,0.496,147.799976,85.099999,7.38,44.08
270519930545,1.169,133.49997,85.299998,7.06,58.01
270519930615,1.533,113.000005,86.400001,6.656,101.1
270519930645,2.11,190.300011,83,8.52,205.6
270519930715,2.46,254.900004,78.600002,9.3,185.4
270519930745,2.539,216.999988,79.199999,9.13,153.4
270519930815,2.378,209.299987,77.399998,9.79,271.9
270519930845,3.619,212.299994,75.599998,10.41,246.4
270519930915,2.467,210.999998,75.099998,10.78,278.9
270519930945,1.442,229.99999,72.699999,11.62,349.4
270519931015,3.222,344.799991,76.399998,10.26,394.1
270519931045,3.555,310.199998,81.600001,8.71,362.4
270519931115,2.515,301.200003,81.099998,9.54,535.8
270519931145,2.962,319.199993,80.000001,9.55,344.9
270519931215,3.034,324.999995,78.600002,9.44,502.3
270519931245,3.193,334.800006,73.500001,9.99,626.8
270519931315,3.270001,333.999998,71.799999,9.59,464.4
270519931345,3.001,318.399993,72.6,8.91,382.8
270519931415,3.715,356.399996,71.900002,8.41,277.1
270519931445,3.981,356.4,75.099998,7.17,303.4
270519931515,4.373,359.400001,76.499998,6.751,259.3
270519931545,4.031,269.399997,79.299999,6.256,249.3
270519931615,3.735,268.099994,79.399999,6.472,339.5
270519931645,3.956,348.299992,79.100001,6.561,293.8
270519931715,4.433,355.000005,78.999998,6.598,310
270519931745,3.985,354.999995,79.400001,6.559,394.9
270519931815,4.83,359.899999,79.999999,6.204,394.6
270519931845,4.153,267.900005,80.9,5.641,290
270519931915,4.341,261.900004,81.700001,5.265,302.9
270519931945,4.165,269.599999,82.799999,4.926,275.1
270519932015,4.493,269.800006,84.4,4.322,229.2
270519932045,4.868,265.199997,87.200001,3.32,186.6
270519932115,4.115,254.3,88.799998,2.932,140.6
270519932145,3.662999,256.100003,90.700002,2.332,85.2
270519932215,2.847,249.900001,92.3,2.014,58.28
270519932245,2.517,246.100006,92.899998,2.274,55.37
270519932315,1.93,240.900002,93.300003,1.943,26.01
270519932345,3.136,359.7,94.599999,1.582,14.87
280519930015,3.537,258.699992,95.599997,1.052,8.99
280519930045,2.905,252.999994,96.200002,0.719,9.06
280519930115,2.768,259.000006,96.500002,0.548,6.226
280519930145,3.665,265.100001,97.000003,0.21,4.364
280519930215,4.157999,257.700003,97.600002,-0.198,6.028
280519930245,3.501,256.399991,97.799998,-0.228,5.334
280519930315,4.628,263.999996,97.799997,-0.062,8.29
280519930345,3.788,263.999997,97.699999,0.071,10.6
280519930415,4.088,267.099999,97.599997,0.118,16.61
280519930445,3.263,265.600003,97.499999,0.123,18.73
280519930515,3.571,358.600005,97.599998,0.157,25.55
280519930545,3.846,269.899993,97.599999,0.24,41.81
280519930615,3.035,265.100007,97.399998,0.498,54.52
280519930645,3.114,356.800004,97.100001,0.625,45.83
280519930715,3.759,359.099997,96.899997,0.562,29.97
280519930745,3.638,255.700005,96.700001,0.494,21.15
280519930815,4.473,258.299996,96.700003,0.6,44.2
280519930845,4.601,261.400001,96.699999,0.657,66.31
280519930915,4.065,359.599998,97,0.713,97.2
280519930945,5.013,359.600001,97.199997,0.735,134.9
280519931015,4.657,356.500001,96.899997,1.233,190.3
280519931045,4.421,349.900005,96.4,1.456,157
280519931115,4.408001,347.899997,96.099998,1.731,175.5
280519931145,5.162,356.299997,95.6,1.864,192.9
280519931215,5.532,358,95.299997,1.856,215
280519931245,4.461,351.499998,95.3,1.695,173.1
280519931315,4.324,348.300002,95.400001,2.031,195.6
280519931345,4.577,344.100004,94.499998,2.676,252.4
280519931415,4.421,350.500007,93.7,2.882,260
280519931445,4.505,354.700007,93.199998,3.162,315.2
280519931515,4.798,347.899998,92.800003,3.147,246.3
280519931545,5.484,343.700002,92.699999,3.284,324.4
280519931615,5.383,341.900002,92.900001,3.347,357.2
280519931645,5.453,344.799996,93.1,3.499,327.1
280519931715,5.308,346.699999,92.600003,3.843,291.4
280519931745,4.262001,328.199998,91.499999,4.231,230.8
280519931815,3.771,322.300006,91.500002,4.116,210.5
280519931845,3.975,330,91.300001,3.914,185.9
280519931915,4.609,327.499998,91.399998,3.543,124.1
280519931945,4.625,335.300001,92.099997,3.134,118.8
280519932015,4.62,325.8,92.599999,2.887,112.6
280519932045,4.18,327.900003,93.099998,2.598,81.2
280519932115,3.662,326.600007,93.3,2.309,47.67
280519932145,2.792,313.899997,94.500002,1.97,30.49
280519932215,2.413,309.400007,95.100001,1.759,21.44
280519932245,2.519,303.5,95.300003,1.597,19.09
280519932315,1.863,305.199989,95.500002,1.469,15.26
280519932345,2.577001,299.300003,95.7,1.157,10.16
290519930015,3.364,314.900003,96.200001,0.878,6.402
290519930045,3.555,318.900001,96.6,0.601,6.072
290519930115,3.573,321.300002,97.000002,0.384,5.224
290519930145,3.665,324.1,97.399997,0.229,4.287
290519930215,4.11,319.300004,97.600003,0.097,4.937
290519930245,4.781,313.599997,97.700001,-0.008,6.602
290519930315,4.486,310.4,97.700002,-0.095,8.3
290519930345,4.255,301.300004,97.700001,-0.129,9.88
290519930415,3.87,293.9,97.7,-0.255,16.04
290519930445,4.17,294.599999,97.799997,-0.301,25.03
290519930515,3.97,299.500007,97.699996,-0.242,43.61
290519930545,3.918,308.499994,97.700003,-0.259,45.6
290519930615,3.855,319.300005,97.7,-0.332,47.92
290519930645,4.226,303.700006,97.599996,-0.289,70
290519930715,3.764,294.700003,97.600004,-0.095,109.4
290519930745,4.185,299.200003,97.500001,-0.257,84.3
290519930815,4.064,302.000005,97.500001,-0.154,115.2
290519930845,3.903999,317.099998,97.400003,-0.022,122.3
290519930915,3.569,299.900008,97.300002,0.28,183.3
290519930945,3.781,298.699997,96.800002,0.683,209
290519931015,3.186,302.600007,96.500003,0.738,171
290519931045,3.408,301.100008,96.300001,0.92,212.5
290519931115,3.906,304.699999,96.100003,1.216,275.2
290519931145,3.762,304.299998,95.900003,1.411,322.2
290519931215,3.424,310.400008,95.599999,1.888,345.3
290519931245,3.460999,307.599999,95.400002,1.972,335.4
290519931315,3.48,333.000001,95.200002,2.215,373
290519931345,3.597,309.300002,94.899997,2.333,393.4
290519931415,3.342,299.500005,94.699998,2.352,308.8
290519931445,3.441,263.899995,94.699999,2.337,336.3
290519931515,3.715,186.899994,94.700001,2.251,311.7
290519931545,3.521,74.100006,94.600002,2.364,300
290519931615,2.707,127.099996,93.900001,2.582,290.6
290519931645,2.469,102.699993,93.599999,2.476,240.7
290519931715,2.637,172.299992,93.699998,2.406,205.9
290519931745,3.095,34.670007,94,2.099,168.5
290519931815,2.71,125.599996,94.300002,2.05,165.7
290519931845,2.724,105.400002,94.400001,2.135,188.2
290519931915,2.632,95.200001,94.499999,1.959,134.9
290519931945,2.221,310.799997,94.699998,1.938,123.6
290519932015,2.168,218.100007,94.8,1.951,91.7
290519932045,2.821,291.000003,94.699997,1.692,63.99
290519932115,3.087,295.899997,94.899998,1.4,58.5
290519932145,3.134999,308.099997,95.099997,1.448,83.3
290519932215,2.919,300.499987,95.100002,1.211,43.16
290519932245,2.371,300.899992,95.6,0.794,27.37
290519932315,2.814999,295.299996,96.000002,0.616,18.16
290519932345,2.645,300.000002,96.199999,0.458,13.15
300519930015,2.645,301.39999,96.399997,0.301,8.14
300519930045,2.353,284.300008,96.499997,0.182,4.86
300519930115,2.339,330.799998,96.599999,0.079,4.001
300519930145,2.312,320.999988,96.700003,-0.04,3.582
300519930215,2.150999,290.999993,96.800001,-0.125,4.255
300519930245,2.103,300.499998,96.800004,-0.17,6.283
300519930315,2.047999,296.099995,96.799999,-0.168,10.17
300519930345,2.000001,294.300002,96.800003,-0.129,12.95
300519930415,1.735,291.200009,96.8,-0.06,15.91
300519930445,1.287,308.799995,96.799999,-0.019,23.94
300519930515,0.828,355.39998,96.799998,-0.093,32.56
300519930545,1.451,230.899979,96.799997,-0.079,48.09
300519930615,0.982,106.900024,96.800002,-0.078,61.43
300519930645,1.011,244.499992,96.800003,-0.092,83.1
300519930715,0.305,353.29992,96.800003,-0.007,115.9
300519930745,0.587,234.600003,96.699998,0.095,142
300519930815,1.023,251.799973,96.700002,0.393,148.4
300519930845,1.331,127.799999,96.599998,0.607,179
300519930915,1.138,105.600012,96.600001,0.767,208.6
300519930945,1.365,36.619978,96.499999,0.989,247.1
300519931015,0.64,34.93001,96.399999,1.154,286.2
300519931045,0.968,36.710014,96.099997,1.42,301.6
300519931115,0.784,53.289975,95.899999,1.7,340
300519931145,1.182,68.150019,95.599998,2.1,388.1
300519931215,1.668,47.330016,95.099997,2.984,674.3
300519931245,2.140001,34.919998,94.499998,3.754,696.3
300519931315,2.407,31.67999,94.000002,4.097,686
300519931345,2.522,29.180008,93,4.589,716
300519931415,2.551,45.800003,89.4,5.247,713
300519931445,1.684,42.320007,83.999997,6.315,697.8
300519931515,1.744,44.660018,80.500001,7.13,678.3
300519931545,1.555,72.600018,76.700001,7.8,653.1
300519931615,2.038,37.479994,75.099999,8.24,622.9
300519931645,2.26,32.350004,75.600001,8.32,585.3
300519931715,2.474,20.720011,75.799999,8.39,543.4
300519931745,2.96,22.219997,75.500002,8.37,498.9
300519931815,3.09,33.599998,75.200002,8.27,449.7
300519931845,3.372,22.609995,75.399999,7.74,400.3
300519931915,3.639,23.139996,77.3,6.741,246.3
300519931945,3.41,22.679994,80.099999,6.003,223.9
300519932015,3.376,29.130006,81.199998,5.938,252.9
300519932045,3.396,8.700005,81.400001,5.672,210.3
300519932115,3.013,10.570006,82.400003,5.176,166.9
300519932145,3.02,14.459996,84.300002,4.341,127.3
300519932215,3.128,47.970008,86.9,3.497,94.3
300519932245,2.194,29.240007,89.600003,2.572,68.48
300519932315,1.966,115.39999,91.600002,1.893,45.25
300519932345,1.191,152.599995,93.2,1.163,30.37
310519930015,1.015,160.000023,94.300002,0.646,21.51
310519930045,1.057,123.300006,95.299997,0.225,16.76
310519930115,0.541001,125.600011,95.9,-0.099,12.09
310519930145,0.168,338.199984,96.300002,-0.53,10.75
310519930215,0.717,347.999978,96.699997,-0.446,10.21
310519930245,0.676,54.380012,96.799999,-0.459,9.61
310519930315,1.037,69.550022,96.900003,-0.647,11.72
310519930345,1.477,24.160009,96.900002,-1.158,21.24
310519930415,1.371,22.579999,96.899999,-1.306,26.66
310519930445,0.922,30.169998,96.899999,-1.25,34.19
310519930515,0.626,21.019972,96.900003,-1.191,43.48
310519930545,0.356,167.900038,96.900001,-1.071,56.84
310519930615,0.026,151.600588,96.9,-1.005,76
310519930645,0.012,89.102365,96.800002,-0.995,74.2
310519930715,0,90,96.800003,-0.761,149.4
310519930745,0,90,96.599998,0.098,225.2
310519930815,0.654,125.300007,96.099999,0.992,243.3
310519930845,0.296,67.689933,95.799998,1.299,235.1
310519930915,0.103,58.920047,94.9,3.575,444.2
310519930945,0.655,61.639958,92.899999,5.801,472.3
310519931015,1.966,68.230006,89.500003,5.288,469.2
310519931045,1.672,79.900004,88.599998,5.218,533.7
310519931115,0.611,171.499963,80.600002,9.06,588.9
310519931145,1.959,62.84,74.799999,9.38,352.9
310519931215,1.578,64.219996,74.6,9.48,459.5
310519931245,1.382,66.659996,71,11.02,545.1
310519931315,2.503,74.099995,68.820002,11.7,473
310519931345,3.27,76.999999,69.580001,11.06,380
310519931415,2.909,83.700001,69.58,11.32,371.9
310519931445,3.217,161.199998,67.070001,11.56,350.2
310519931515,3.194,169.500004,66.930001,11.68,448.2
310519931545,3.2,176.300007,66.610002,11.67,347.5
310519931615,2.555,69.050003,67.149999,11.52,363.2
310519931645,3.371,54.990001,70.099999,10.87,241.5
310519931715,2.192001,56.600002,70.800001,10.85,232.9
310519931745,2.284,57.300003,70.1,10.64,132.3
310519931815,2.365,59.710013,69.929998,10.69,161.9
310519931845,2.183,63.51,70.700002,10.49,118.3
310519931915,1.957,70.499997,72.099999,10.06,90
310519931945,0.867,60.049976,73.299998,9.67,102.6
310519932015,0.039,30.720369,75.399997,9.54,84.8
310519932045,0.019,9.940726,77.000002,9.52,90.3
310519932115,0.026,270.619259,76.399998,9.56,61.84
310519932145,0,90,76.1,9.23,55.69
310519932215,0,90,76.5,8.9,34.97
310519932245,0,90,77.4,8.59,15.9
310519932315,0,90,78.1,8.21,9.9
310519932345,0.561,188.200024,79.1,7.81,8.27
10619930015,0.635,285.899984,82.700001,6.891,6.403
10619930045,0.027,337.501093,85.300002,6.527,5.007
10619930115,0,90,88.599998,6.278,5.557
10619930145,0,90,89.300001,6.195,5.503
10619930215,0,90,89.599997,5.934,4.667
10619930245,0,90,91.700003,5.369,5.988
10619930315,0,90,92.100002,5.375,8.3
10619930345,0,90,91.199997,5.698,15.51
10619930415,0,90,91.099999,5.635,25.47
10619930445,0.005,297.000655,91.500002,5.32,56.54
10619930515,0.031,331.799765,90.999998,5.847,95.6
10619930545,0.299,269.500046,91.600003,5.68,108.5
10619930615,0.291,215.300074,91.399998,5.784,124.2
10619930645,0.269,11.120079,90.700003,6.038,144
10619930715,0.217,27.759992,90.000002,6.342,118.4
10619930745,0.561001,57.810002,89.099997,6.853,118.7
10619930815,0.022,31.759691,88.5,7.02,146.5
10619930845,0,90,87.399999,7.5,162.1
10619930915,0.195,39.019845,85.299997,8.17,197.2
10619930945,1.246999,62.900013,83.700001,8.76,222.3
10619931015,1.242,58.920015,83.400002,8.81,216
10619931045,1.16,56.900019,83.199998,9.03,209.6
10619931115,1.131,57.010011,82.600002,9.44,219.3
10619931145,1.607,63.879991,81.6,10,276.7
10619931215,1.473,50.359984,78.7,10.71,328.3
10619931245,2.021,51.739995,77.199999,10.93,296.7
10619931315,2.176,22.370009,77.500002,10.76,300.7
10619931345,1.855,36.030001,76.999999,11.04,305.3
10619931415,1.811,39.834992,75.150001,11.645,444.4
10619931445,1.767,43.639998,73.300002,12.25,583.5
10619931515,2.103,29.690005,72.2,12.39,505.5
10619931545,2.293,23.549993,71,12.48,504.7
10619931615,3.083,24.559995,70.799999,12.33,444.5
10619931645,2.864,18.709998,70.999999,12.07,355.8
10619931715,2.972,21.289991,70.499998,12.15,323.2
10619931745,3.028001,24.570005,71.200001,11.88,308.7
10619931815,2.786,23.370001,71.400001,11.73,282.6
10619931845,2.322,24.199993,71.199998,11.68,258.8
10619931915,2.272,25.630013,71.099999,11.52,213.2
10619931945,2.685,28.589992,71.499998,10.96,216.7
10619932015,2.454,28.940015,71.3,11.06,241.8
10619932045,2.46,22.659993,71.099998,10.82,213
10619932115,2.325,24.750001,72.199999,10.35,171
10619932145,2.022,41.739991,72.600002,10.05,135.7
10619932215,1.882,43.999988,72.999999,9.45,101.8
10619932245,1.391,62.62,75.300002,8.32,73.2
10619932315,1.025,72.90002,78.299999,7.17,47.26
10619932345,1.184,197.999993,83.000002,5.896,30.31
20619930015,0.082,296.100073,85.299998,5.471,20.85
20619930045,0.739,309.49999,87.000001,5.35,15.95
20619930115,0.257,291.200118,89.799999,3.812,12.97
20619930145,1.081,334.200001,92.499997,2.419,12.2
20619930215,0.731,269.700038,94.4,1.685,13.35
20619930245,0.467,263.699994,95.400002,1.446,15.83
20619930315,0.674,260.899962,95.599998,1.19,22.03
20619930345,0.226,253.500095,96.000001,1.115,34.94
20619930415,0,90,96.000001,1.52,53.44
20619930445,0,90,95.399997,2.849,78.6
20619930515,0,90,93.699999,3.884,107.4
20619930545,0.01,306.099827,92.000001,4.311,137.9
20619930615,0.015,23.92836,90.799997,4.544,173.9
20619930645,0.062,125.899709,88.699999,5.278,215
20619930715,0.082,261.100205,86.100002,6.111,261.7
20619930745,0.058,125.300197,81.099999,7.76,300.7
20619930815,0.95,139.199969,79.400001,7.98,362.6
20619930845,0.719,60.279997,77.700002,8.63,414.4
20619930915,1.21,36.830018,74.799999,9.21,464
20619930945,1.381,53.030007,71.9,10.01,510.7
20619931015,1.397999,39.970006,69.649999,10.57,555
20619931045,2.11,26.420005,68.829999,10.77,596
20619931115,2.317,26.289993,69.540002,10.8,633.1
20619931145,2.548,36.049991,68.689998,11.1,663.8
20619931215,2.97,24.999997,68.090002,11.41,688.4
20619931245,3.198001,33.68,68.259999,11.62,707
20619931315,3.138,24.050002,67.8,11.72,718
20619931345,3.218,21.699996,66.609998,11.93,721
20619931415,3.306,25.439996,65.649998,12.16,716
20619931445,3.444,30.120004,64.840002,12.55,704
20619931515,3.413,28.819994,64.12,12.64,684.3
20619931545,3.436,21.499995,63.5,12.95,657.5
20619931615,4.031,21.190002,63.17,13.01,626.4
20619931645,4.154,22.189997,62.589999,13.13,590.5
20619931715,3.993,19.749993,61.89,13.12,548.8
20619931745,4.469,21.030003,61.909999,12.84,504.8
20619931815,4.543,24.800003,63.130001,12.43,457.9
20619931845,4.315,23.929996,64.900001,12.03,409.5
20619931915,4.296,22.570002,66.359998,11.68,360.2
20619931945,4.242,21.499999,67.439998,11.24,311.2
20619932015,4.259,23.679999,69.360002,10.48,262
20619932045,4.192,19.34,71.2,10.08,215.3
20619932115,3.754,16.27,71.999998,9.87,173.3
20619932145,3.287,12.379994,72.599999,9.42,136.8
20619932215,3.23,23.889999,76.300001,8.43,100.9
20619932245,2.864,18.639997,82.099998,7.17,72.3
20619932315,2.57,13.54,86.200003,6.189,46.57
20619932345,1.656,67.570009,88.999999,5.42,29.77
30619930015,2.038,245.800006,91.199999,4.43,21.24
30619930045,2.406,176.399999,93.199999,3.915,16.78
30619930115,2.187,316.500013,94.199998,3.519,14.63
30619930145,1.025,321.600028,94.600001,2.446,13.84
30619930215,0.702,316.900016,95.599998,1.675,15.56
30619930245,0.705,339.800029,96.200001,1.101,17.27
30619930315,0.469,315.800032,96.499999,1.234,23.65
30619930345,0.727001,336.699985,96.600003,1.08,32.51
30619930415,0.686,327.600015,96.6,1.115,53.13
30619930445,0.994,324.400006,96.499998,1.549,72.2
30619930515,0.435,332.100052,96.2,1.753,82.2
30619930545,0.602,309.100008,95.799999,2.319,120
30619930615,1.434,344.4,94.900002,2.888,181.8
30619930645,1.523,114.500007,93.8,3.21,209.2
30619930715,0.52,145.599984,92.200002,3.87,252
30619930745,0.402,117.700079,88.600003,5.391,296.2
30619930815,0.755,50.770016,84.000002,6.965,361.5
30619930845,1.401,35.070007,82.300003,7.35,413.8
30619930915,1.444,40.310012,81.2,7.93,462
30619930945,1.083,31.459997,78.200001,8.8,507.7
30619931015,1.610001,35.299997,73.700001,10.01,551
30619931045,1.925,35.199994,71.5,10.71,594.6
30619931115,2.14,46.539991,69.46,11.48,629.7
30619931145,2.004,43.979994,68.379998,12.1,660.1
30619931215,1.868,61.73001,65.179999,13.34,682.8
30619931245,2.387,37.990009,63.810001,13.53,701
30619931315,2.59,43.049997,63.049999,14.01,713
30619931345,2.524,42.119997,61.96,14.42,715
30619931415,3.401,29.720003,61.039999,14.65,712
30619931445,4.050001,23.070003,60.970001,14.33,700
30619931515,3.831,28.940004,57.999999,14.97,681.7
30619931545,3.863,23.420006,56.009999,15.1,616
30619931615,3.904,27.929997,55.369999,15.35,616.1
30619931645,3.94,19.490003,52.809999,15.1,588.9
30619931715,4.016,20.489996,51.96,14.87,492.5
30619931745,3.362,30.370004,52.11,14.05,346.3
30619931815,3.525,23.510008,51.7,14.22,385.5
30619931845,3.585,21.690001,53.790001,13.82,338.1
30619931915,4.07,22.219998,55.829998,13.74,373.3
30619931945,3.528,20.689997,60.530002,12.23,185.4
30619932015,3.366,29.809994,60.989999,12.5,258.7
30619932045,3.944,11.919995,60.419998,12.2,231.9
30619932115,2.816,31.150007,62.100002,11.51,175.4
30619932145,2.188,21.54001,62.410002,11.53,138.4
30619932215,1.001,22.579992,63.559998,11.05,102.5
30619932245,1.492,113.500008,64.939999,10.19,76.5
30619932315,0.876,278.400013,66.360001,9.28,50.76
30619932345,1.434,316.300014,69.560002,8.15,32.19
40619930015,1.449,178.099994,76.600001,6.871,21.93
40619930045,2.211999,308.2,81.100002,5.793,16.73
40619930115,0.994,315,86.000003,4.505,13.63
40619930145,0.874,356.300014,89.899997,3.714,12.89
40619930215,1.391001,251.599999,92.399999,2.371,13.1
40619930245,1.518,258.200003,94.599999,1.694,14.56
40619930315,2.051,248.499996,95.499998,1.569,15.8
40619930345,1.951,249.700009,95.900001,1.999,22.35
40619930415,1.627,260.600012,95.600003,2.593,31.12
40619930445,1.542,263.800001,95.400001,3.216,39.07
40619930515,2.137,359.200005,94.700003,3.943,36.99
40619930545,1.009,252.999994,93.900002,4.366,17.73
40619930615,0.544,80.899997,93.599997,4.559,26.11
40619930645,2.065,357.199994,93.899999,4.361,41.84
40619930715,2.717,267.600003,94.399999,4.18,56.35
40619930745,4.319,267.6,95.100003,4.346,127.3
40619930815,4,266.199994,95.100001,5.129,185.4
40619930845,3.617,356.400005,94.199997,5.551,125.2
40619930915,3.872,354.600006,94,5.801,243.3
40619930945,2.739,341.099998,91.599999,7.23,283.3
40619931015,3.504,307.999999,87.400002,7.99,355
40619931045,4.622999,318.500002,86.300003,8,516.1
40619931115,4.726,310.499992,86.999998,7.38,548.6
40619931145,4.502,309.800005,87.199999,7.33,470.6
40619931215,4.086,303.500009,86.899997,7.29,327.2
40619931245,3.48,302.000003,88.899998,5.931,132.1
40619931315,3.862,307.000008,91.800001,5.314,172.4
40619931345,3.52,320.40001,93,5.077,248.4
40619931415,4.047,322.499995,92.100001,5.415,389.1
40619931445,4.146,308.3,91.500001,5.407,361.2
40619931515,4.005,337.500005,91.300002,5.792,450.1
40619931545,3.571,325.000006,88.4,7.15,599.9
40619931615,3.299,341.199993,86,7.72,633.7
40619931645,3.562,305.599999,84.799998,7.71,595.2
40619931715,4.431001,337.799996,85.2,7.28,557.5
40619931745,4.425,311.500003,85.299997,6.679,500
40619931815,4.635,301.600006,85.700003,5.995,461
40619931845,4.493,301.399995,86.699998,5.312,382.5
40619931915,4.339,298.100008,87.499997,4.913,333.3
40619931945,4.17,307.199995,89.400002,4.003,221.6
40619932015,4.252,295.499996,91.999997,3.019,136.2
40619932045,3.573001,315,93.400003,2.424,96.1
40619932115,3.432,301.799993,94.800002,1.994,82.1
40619932145,3.082,303.500004,95.6,1.529,56.09
40619932215,2.407,318.900003,96.499999,1.081,29.7
40619932245,2.404,314.000003,97.200002,0.689,19.88
40619932315,2.406,318.999997,97.499999,0.404,17.48
40619932345,2.247,302.200001,97.599997,0.166,10.37
50619930015,2.137,142.300011,97.599998,-0.126,8.93
50619930045,1.47,142.699998,97.6,-0.445,6.105
50619930115,1.511,306.299994,97.599997,-0.68,5.004
50619930145,1.427,88.799993,97.700002,-0.798,5.203
50619930215,0.594,165.300019,97.699998,-1.102,5.5
50619930245,1.006,109.399995,97.699999,-1.394,6.714
50619930315,0.489,334.899942,97.700001,-1.533,8.64
50619930345,1.388,186.000022,97.699999,-1.543,15.49
50619930415,1.836,114.800005,97.700001,-1.381,22.94
50619930445,2.082,79.199997,97.699997,-1.335,25.25
50619930515,1.814,83.000001,97.699996,-1.249,24.01
50619930545,1.309,178.199986,97.600001,-1.124,34.29
50619930615,1.72,32.839989,97.599999,-1.086,52.64
50619930645,2.37,162.100006,97.499998,-0.976,38.17
50619930715,1.99,33.219992,97.499996,-1.038,26.1
50619930745,2.507,39.340008,97.400003,-1.037,25.92
50619930815,1.494,40.000019,97.400001,-1.014,26.86
50619930845,0.159,39.999952,97.399998,-0.969,23.26
50619930915,0,90,97.299998,-0.855,51
50619930945,0,90,97.199998,-0.761,35.3
50619931015,0,90,97.200003,-0.701,59.13
50619931045,0,90,97.100003,-0.624,96.2
50619931115,0,90,96.900003,-0.221,148.9
50619931145,0,90,96.700003,0.177,154.7
50619931215,0,90,96.4,0.618,194
50619931245,1.755,27.319994,95.999999,1.207,227.3
50619931315,2.113,32.659993,95.599997,1.435,238.4
50619931345,2.337,40.989996,95.499998,1.921,340.3
50619931415,2.76,37.859997,95.100002,2.708,380
50619931445,2.411,35.950008,94.800001,2.83,263.4
50619931515,2.199999,30.979996,94.500002,3.644,332.2
50619931545,3.21,28.590005,93.5,4.772,546.2
50619931615,3.165,23.2,91.700001,4.806,238
50619931645,2.786,41.229995,91.100002,5.092,158.5
50619931715,2.457,16.469999,90.500001,5.515,226.6
50619931745,3.307,21.90001,90.200002,5.29,208.9
50619931815,4.264,18.230002,91.100001,4.636,229.2
50619931845,4.074,21.209995,91.299998,4.82,148.4
50619931915,3.525,15.039999,91.2,4.598,55.04
50619931945,3.061,17.310007,91.999999,4.347,64.05
50619932015,3.992,26.730006,92.599998,4.56,64.42
50619932045,3.716,11.169998,92.799997,4.415,76.5
50619932115,4.017,12.32,92.900001,4.503,91.5
50619932145,4.396,7.099999,92.799999,4.192,73.5
50619932215,3.688999,40.23,92.999998,3.537,44.09
50619932245,3.682,10.2,93.200002,3.346,35.23
50619932315,3.446,63.789999,93.600003,3.051,21.81
50619932345,2.649,63.199994,93.900002,2.944,15.85
60619930015,3.309,17.670006,94.100003,2.61,10.86
60619930045,3.235,139.199995,94.599997,2.228,7.93
60619930115,2.904,61.390003,95,1.867,8.47
60619930145,3.083,28.599996,95.5,1.574,8.45
60619930215,2.688,127.599991,95.800001,1.407,8.57
60619930245,1.578999,197.699998,95.999998,1.229,11.67
60619930315,2.137,300.000004,96.200002,1.004,13.81
60619930345,1.981,319.799994,96.399999,0.818,17.45
60619930415,2.493,116.900008,96.500002,0.9,19.67
60619930445,2.199,52.089998,96.499999,0.908,27.01
60619930515,2.671,8.040003,96.499998,0.698,32.33
60619930545,3.573,18.440005,96.600001,0.382,50.9
60619930615,3.749,15.7,96.699998,0.586,72.3
60619930645,4.017,15.439993,96.600001,0.619,67.15
60619930715,2.601,36.079993,96.499999,0.854,72.2
60619930745,3.709,18.550001,96.499998,0.893,103
60619930815,4.271,14.910008,96.5,0.787,76
60619930845,4.165999,24.039998,96.500003,1.074,148.7
60619930915,4.558,12.429996,96.2,1.604,155.2
60619930945,4.396,21.490005,95.800001,2.06,188.2
60619931015,4.467,19.939993,95.600002,1.983,194.5
60619931045,5.667001,17.790003,95.299999,2.54,241.7
60619931115,4.685,15.179999,94.700002,3.035,269.4
60619931145,4.195,15.969997,93.7,3.816,354.5
60619931215,4.317,36.410005,92.100003,4.89,487.8
60619931245,4.366,19.300002,90.199998,5.719,511.3
60619931315,5.042,20.209996,87.9,7.16,766
60619931345,5.45,21.729999,84.700001,8.17,815
60619931415,5.792,22.24,81.999999,8.78,702
60619931445,6.254,20.590002,80.299998,9.05,759
60619931515,6.269,32.829998,80.199999,8.53,574.5
60619931545,7.01,22.140001,79.700002,8.52,610.5
60619931615,6.64,17.67,78.800002,8.83,613.7
60619931645,7.02,14.700001,77.299999,9.29,614.3
60619931715,7.12,15.579999,76.400002,8.94,403.3
60619931745,6.882,14.240001,76.300001,8.64,396.7
60619931815,6.269,18.980004,75.299999,8.86,464.8
60619931845,5.328,14.129996,75.199998,8.66,412.9
60619931915,4.226,23.530006,74.999999,8.64,366.4
60619931945,3.492,28.810004,75.7,8.18,260.8
60619932015,4.488,35.629996,74.499999,9.17,233.6
60619932045,4.428,36.959992,76.4,7.84,200.6
60619932115,3.639,25.289998,79.3,6.835,119
60619932145,3.564,20.210009,81.599999,6.276,89.2
60619932215,4.600999,25.169997,83.500003,5.956,94.3
60619932245,4.693,34.420003,84.400001,5.877,79
60619932315,3.465001,33.689999,86.499998,5.049,46.47
60619932345,2.315,28.660011,88.299998,4.559,38.13
70619930015,2.626,26.090007,89.700002,4.196,27.65
70619930045,3.073,16.839995,91.299998,3.507,18.91
70619930115,3.263,19.919995,92.700003,3.358,16.53
70619930145,2.839,35.419996,93,3.323,13.13
70619930215,2.079,186.200009,93.499998,2.748,13.65
70619930245,3.489,7.709995,94.299999,2.137,11.99
70619930315,4.165,15.880001,94.799998,2.179,17.17
70619930345,3.617,20.490005,94.899997,2.115,24.16
70619930415,3.102001,20.330005,94.9,2.357,44.76
70619930445,3.506,18.369994,94.500001,2.758,76.8
70619930515,3.638,26.169998,94.199999,2.816,66.28
70619930545,4.117,27.249998,94.200001,2.79,81.6
70619930615,4.421001,24.210004,93.9,2.955,97.3
70619930645,4.452,22.889998,93.500003,3.076,107.7
70619930715,4.231,22.020005,92.899998,3.5,150.8
70619930745,4.235,22.149995,90.999998,4.697,250.2
70619930815,4.507,29.850001,85.299997,6.679,481.2
70619930845,5.362,39.100002,77.7,8.15,508
70619930915,5.266,44.4,73.999999,9.01,447.3
70619930945,5.112,42.51,71.500002,9.49,331.4
70619931015,5.047,36.219997,70.1,9.69,275.5
70619931045,4.811,21.530001,72.199999,8.99,281.5
70619931115,5.102,28.400003,74.499999,8.4,302.8
70619931145,4.774,20.739996,73.700002,9.04,330.5
70619931215,5.13,25.33,69.64,10.92,517.5
70619931245,6.902,36.65,59.639998,13.66,778
70619931315,6.854,46.689997,51.520001,14.83,726
70619931345,6.909,49.319999,48.220001,15.41,720
70619931415,6.257,54.639999,45.9,16.3,715
70619931445,5.479,67.379994,44.230001,17.43,703
70619931515,5.961,160.100006,41.93,18.48,682
70619931545,6.035,173.899996,41.5,18.81,656.8
70619931615,6.137,178.100003,41.68,18.82,589.2
70619931645,6.639,83.3,42.099999,19.16,588.3
70619931715,6.076,88.300001,42.250001,19.21,546.6
70619931745,5.903,85.000003,42.219999,19.55,506.4
70619931815,5.212,87.100004,42.660001,19.2,378.7
70619931845,5.811,84.600004,42.389999,19.66,416.6
70619931915,5.747,81.600001,42.509999,19.7,381.3
70619931945,5.739,81.500002,42.700001,19.46,321.8
70619932015,5.167,87.599995,42.910001,19.26,267.1
70619932045,5.071,88.500003,43.300001,18.74,232.3
70619932115,5.2,177,43.749999,18.25,163.6
70619932145,2.919,176.399991,47.15,16.42,70.7
70619932215,2.236,175.299987,50.419999,15.55,60
70619932245,1.899,64.080001,54.650001,14.15,50.94
70619932315,1.911,51.619981,59.190002,12.77,43.85
70619932345,2.012,48.750001,61.34,12.12,26.19
80619930015,2.496,40.599995,64.98,10.78,20.18
80619930045,2.76,71.200007,65.669999,11.49,12.77
80619930115,1.908,75.600011,68.250001,10.73,5.034
80619930145,1.954,76.399993,71.2,10.12,5.21
80619930215,2.77,173.3,70.999998,10.62,7.66
80619930245,1.892,86.59999,73.000002,10.09,8.47
80619930315,1.808999,38.300002,75.399998,9.59,10.73
80619930345,1.451,58.789986,76.8,9.55,14.99
80619930415,0.354,49.259983,79.399999,8.64,24.22
80619930445,0.558,35.939961,79.600002,8.96,42.07
80619930515,0.992,176.699972,78.299998,9.76,51.88
80619930545,1.032,165.800017,77.500001,10.44,72.1
80619930615,1.631,170.199988,74.899998,11.59,52.72
80619930645,1.53,60.999988,75.100001,11.05,86.7
80619930715,1.889,76.900012,76.200001,10.73,124.6
80619930745,3.312,163.3,75.300002,11.55,148.9
80619930815,3.359,165.500007,75,11.39,171.4
80619930845,3.904,162.100005,72.599999,12.19,271.9
80619930915,3.4,167.600003,71.100001,12.61,287.4
80619930945,3.665,78.300008,71.799999,12.04,309.7
80619931015,4.304999,170.900005,70.600001,12.54,342.7
80619931045,4.418,167.899997,70.100002,12.72,323.9
80619931115,4.575,157.1,70.499998,12.31,293.7
80619931145,3.759,165.399997,74.800002,11.21,160.1
80619931215,2.842,161.8,84.9,10.25,115.9
80619931245,2.329,165.900009,91.499998,9.93,129.8
80619931315,1.126,158.100019,91.4,10.87,243.3
80619931345,0.98,173.69998,86.7,13.39,617.3
80619931415,3.234,149.400002,74.299999,15.23,553.6
80619931445,2.517,176.699992,67.819999,16.23,656.2
80619931515,3.455,77.900002,63.720001,17.31,617
80619931545,4.279,78.699994,60.689998,18.11,577.1
80619931615,4.178,176.399997,58.249999,18.97,511.6
80619931645,3.971,155.800005,57.190001,19.26,521.1
80619931715,4.744999,149.900002,57.020001,19.12,483.2
80619931745,4.716,144.000001,56.780001,19.04,445.3
80619931815,4.596,131.200002,55.689999,18.85,299.1
80619931845,4.18,113.199996,53.879999,18.24,209.8
80619931915,3.942,112.999999,52.75,17.54,191.8
80619931945,3.911,120.900001,51.169999,18.27,313.1
80619932015,4.532,135.299996,48.559998,18.72,305.8
80619932045,4.214,142.3,44.09,18.5,214.9
80619932115,3.97,137.099995,43.570001,17.49,133
80619932145,2.529,143.199999,45.399999,16.59,101.7
80619932215,1.805,173.999996,49.949999,15.37,88.8
80619932245,1.015,173.200002,53.639998,14.27,70.2
80619932315,0.941,82.799975,58.740002,12.65,51.49
80619932345,0.941,172.599983,60.23,11.88,36.29
90619930015,1.312,165.600004,59.560002,11.47,25.45
90619930045,2.38,166.499997,60.090001,10.68,19.73
90619930115,4.519,142.600007,55.640002,10.94,16.29
90619930145,3.124,142.100003,55.370001,9.82,15.24
90619930215,2.486,152.300011,56.800001,8.7,16.35
90619930245,2.159,163.600006,57.560001,7.96,19.86
90619930315,2.202,161.499999,59.310002,7.22,25.58
90619930345,1.985,161.200013,61.140001,6.733,38.49
90619930415,1.249,84.000003,62.109998,6.593,57.04
90619930445,1.59,54.670009,63.130002,6.458,82.1
90619930515,1.013,65.43001,60.890001,7.5,112.2
90619930545,1.762,177.700008,60.419998,8.02,146.7
90619930615,1.862,169.499988,60.169998,8.37,181.9
90619930645,2.289,171.799992,59.650002,8.87,223.8
90619930715,3.494,173.5,59.420001,9.02,272.4
90619930745,3.032,178.499991,59.340002,9.32,311.5
90619930815,3.244,175.199999,58.329998,10.05,372.2
90619930845,3.85,173.700002,57.680001,10.44,426
90619930915,4.007,177.099998,57.210001,11.15,453
90619930945,4.378,179.400006,56.410001,11.86,477
90619931015,4.979,169.399997,55.01,12.68,562.5
90619931045,5.157,171.2,54.220001,13.25,597
90619931115,5.152,166.400002,53.110001,13.9,640.6
90619931145,5.071,165.000005,51.95,14.31,669.6
90619931215,4.639,160.099998,50.800002,14.85,711
90619931245,4.724,170.899997,49.909999,15.32,718
90619931315,4.923,160.500002,48.590001,16.32,808
90619931345,5.314,158.7,47.74,16.23,674.8
90619931415,5.200999,158.100003,46.820001,16.6,675.1
90619931445,4.189,156.300005,47.410001,16.05,347.5
90619931515,4.04,160.700003,46.430001,17.15,646.1
90619931545,4.358,154.900002,45.259999,17.99,601.9
90619931615,4.485,170.299998,45.249999,17.79,495.1
90619931645,5.184,80.3,45.040001,18.11,534.3
90619931715,5.337,80.699996,44.650001,18.52,540.7
90619931745,5.723,83.299997,44.239999,18.54,537.5
90619931815,5.385,82.899999,43.889999,18.79,490.4
90619931845,5.48,79.199996,43.810001,18.53,408.6
90619931915,4.787,178.200004,43.299999,18.5,338.6
90619931945,4.757,171.199995,42.950001,18.11,280.4
90619932015,4.649,165.700004,42.889999,17.87,254.5
90619932045,4.616,165.8,43.06,17.48,219
90619932115,4.442,163.200002,43.239999,16.9,187.7
90619932145,3.742,164.199996,43.619999,16.24,152.7
90619932215,3.52,169.1,44.389999,15.08,119.7
90619932245,2.556,170.700007,46.010001,13.88,96.7
90619932315,2.265,172.000001,47.370001,12.91,69.22
90619932345,1.954,176.599991,49.320001,11.8,43.08
100619930015,1.925,82.899995,54.020001,10.27,29.86
100619930045,2.52,175.400007,54.360002,9.95,20.8
100619930115,2.272,178.5,58.270002,8.79,16.32
100619930145,2.349,158.399991,61.949999,7.99,14.61
100619930215,2.426,165.900003,63.559999,7.67,14.97
100619930245,1.371,169.199992,66.920001,6.674,16.8
100619930315,0.173,80.500055,68.76,6.032,20.89
100619930345,0.669,30.770039,70.200002,6.031,33.56
100619930415,1.726,39.629992,71.900002,5.836,50.92
100619930445,1.94,34.169989,73.3,6.089,73.1
100619930515,1.807,36.729997,72.299998,6.943,97.9
100619930545,1.714,62.629981,70.9,7.78,135.8
100619930615,2.012,78.2,69.859998,8.31,179.9
100619930645,2.337,88.099991,68.779999,8.84,227.2
100619930715,2.173,79.800003,66.94,9.73,277.6
100619930745,2.483,78.49999,64.939999,10.54,318.7
100619930815,2.69,72.100006,63.419998,10.97,382.6
100619930845,2.987,76.29999,62.050002,11.53,433.8
100619930915,3.465,76.000007,60.539999,12.22,484.3
100619930945,3.904,76.899995,59,13.01,532
100619931015,4.413,76.900003,57.870002,13.44,575.5
100619931045,4.24,85.400005,56.379999,14.31,617.9
100619931115,3.92,81.999994,54.799999,15.21,654.4
100619931145,3.564,85.199998,53.81,15.67,683.6
100619931215,3.585,80.300007,53.409999,16.26,716
100619931245,4.178,70.3,52.970002,16.8,678.2
100619931315,4.108,83.999999,52.089999,16.88,581.3
100619931345,4.076,77.799998,50.750001,17.23,650.1
100619931415,4.23,78.599994,49.359999,17.41,577.6
100619931445,3.993,81.599992,48.530001,17.08,515.1
100619931515,3.511,80.100002,46.650001,17.74,518.3
100619931545,4.611,43.310001,45.46,17.41,483.4
100619931615,5.09,44.949998,43.73,18.16,591.5
100619931645,5.015,51.749999,42.310001,18.26,619.5
100619931715,5.319,37.400002,42.520001,17.88,568.9
100619931745,5.297,37.239998,44.57,17.16,522.7
100619931815,5.053,43.119996,44.449999,16.84,475
100619931845,4.88,46.630004,44.62,16.43,426.6
100619931915,4.955,45.029999,45.170001,15.99,377.8
100619931945,4.981,43.589993,45.92,15.62,329.6
100619932015,4.68,37.740002,47.170001,14.88,284.4
100619932045,4.767,36.540003,48.900001,13.86,237.5
100619932115,4.286,28.49,50.160002,13.24,192.6
100619932145,3.525,13.550002,54.86,11.93,151.7
100619932215,3.629,37.649997,60.819999,10.78,114.8
100619932245,2.293,35.389988,65.630001,9.59,86.4
100619932315,2.645,210.700003,70.1,8.18,58.06
100619932345,3.15,255.100007,74.899997,6.82,38.78
110619930015,2.608,310.200006,80.700002,5.466,27.17
110619930045,2.418,336.000005,84.800001,4.644,20.49
110619930115,2.467,319.199996,87.400002,3.693,17.16
110619930145,3.071,291.099999,89.999999,2.828,16.04
110619930215,3.282,291.200001,91.299999,2.283,16.59
110619930245,2.539,314.000003,92.7,1.58,18.86
110619930315,3.061,296.900008,94.199999,1.22,24.24
110619930345,2.428001,300.600005,95.000001,1.132,39.35
110619930415,2.895,311.699996,95.099998,1.26,59.18
110619930445,3.677,233.900002,95.099998,1.564,84
110619930515,4.18,44.050004,94.600001,1.914,113.1
110619930545,4.404,14.379998,93.999998,2.23,146.6
110619930615,4.256999,23.649997,93.099997,2.636,185.6
110619930645,4.395999,24.889997,91.700001,3.094,229.4
110619930715,5.614,28.519997,89.599997,3.657,278.5
110619930745,6.122,29.630001,86.299997,4.276,319
110619930815,6.098,27.770001,83.800002,4.732,385.3
110619930845,5.761,37.550004,80.299998,5.325,438.6
110619930915,6.461,35.089996,77.099998,5.755,489.9
110619930945,6.634,39.319997,73.9,6.166,539.1
110619931015,7.44,44.579999,69.759999,6.703,585.6
110619931045,7.47,48.480002,65.499999,7.34,629.7
110619931115,7.43,48.109999,62.039998,7.82,665.3
110619931145,7.74,44.989997,59.589998,8.18,695.5
110619931215,7.36,41.569996,58.470001,8.56,718
110619931245,7.050001,31.370001,60.190002,8.18,736
110619931315,7.22,21.430001,66.14,7.35,747
110619931345,7.87,20.9,67.420002,7.06,751
110619931415,7.66,19.6,66.560002,7.26,746
110619931445,8.12,23.24,66.000002,7.42,734
110619931515,8.32,20.71,65.27,7.42,715
110619931545,8.26,33.579996,64.730002,7.47,688.7
110619931615,8.3,23.180003,64.760002,7.07,657
110619931645,7.55,20.260001,64.53,7.29,620.6
110619931715,8.14,22.14,64.669998,6.961,579.1
110619931745,8.26,23.280003,65.370002,6.542,534.6
110619931815,7.99,22.149999,65.880001,6.332,486.8
110619931845,7.73,31.680002,66.609998,5.95,437.3
110619931915,7.32,21.230002,67.380001,5.635,386.7
110619931945,7.24,33.009996,68.49,5.141,336.7
110619932015,6.647,20.579996,70.4,4.704,287.3
110619932045,6.142,20.959998,73.100001,4.255,240
110619932115,5.213,20.310003,75.799999,3.94,196.1
110619932145,5.278,13.700003,78.3,3.473,156.2
110619932215,4.546,34.010004,80.899999,3.155,118.8
110619932245,3.451,33.780003,82.900003,2.917,89.2
110619932315,3.458,8.739997,85.600001,2.434,60.48
110619932345,2.881,41.1,88.200003,1.774,39.73
120619930015,2.031,21.059983,90.599998,1.027,27.71
120619930045,2.491,22.070001,93.200002,0.338,22.02
120619930115,3.215,13.10999,94.899999,-0.195,19.57
120619930145,3.16,13.749992,95.799997,-0.586,19.17
120619930215,2.351,22.219985,96.4,-0.793,19.18
120619930245,2.589,22.019996,96.8,-1.023,19.77
120619930315,1.62,77.199985,96.899997,-1.119,23.46
120619930345,1.049,226.500009,96.700003,-1.378,32.9
120619930415,1.117,346.099982,96.800003,-1.981,43.84
120619930445,0.866,209.400025,96.900001,-1.017,68.14
120619930515,1.141,263.400013,96.399997,-0.434,97.8
120619930545,1.865,149.199995,96.000001,0.137,159
120619930615,1.6,126.999995,95.1,1.037,199.2
120619930645,2.188,15.559995,94.599997,1.169,233.4
120619930715,2.448,31.870003,93.300003,2.178,282.2
120619930745,1.993,31.240004,90.599999,2.962,296.9
120619930815,2.941,34.210009,88.9,3.342,371.9
120619930845,2.982,21.609993,87,3.958,424.9
120619930915,3.193,20.829997,84.199999,4.594,462.1
120619930945,3.235,28.220002,81.299998,5.233,490
120619931015,2.933,53.560006,78.200001,6.099,549
120619931045,2.839,43.830001,74.400001,7.05,594.8
120619931115,3.273,36.539993,71.500001,7.54,605.3
120619931145,3.699,34.410005,69.67,8.24,678.6
120619931215,3.441,26.580004,69.100002,8.76,703
120619931245,3.685,36.189998,68.719999,8.84,723
120619931315,4.194,16.859999,68.119998,9.19,734
120619931345,4.339,18.299997,67.329998,9.78,736
120619931415,4.512,23.050003,66.790002,9.87,723
120619931445,5.108999,23.029997,66.47,10.01,720
120619931515,5.198,20.690003,65.9,10.35,697.9
120619931545,5.39,21.189998,64.749998,10.78,676.8
120619931615,5.853,23.220002,64.380001,10.57,646.7
120619931645,5.497,20.88,63.499999,10.58,609.9
120619931715,5.318,20.760004,61.969999,10.67,569.2
120619931745,4.921,20.539998,61.040002,10.67,525.7
120619931815,5.039,26.469997,58.829999,10.78,479.8
120619931845,5.015,20.559999,58.750002,10.27,432.1
120619931915,5.046,31.879995,58.040002,9.88,383.9
120619931945,5.013,22.190001,59.160001,9.1,334.6
120619932015,4.858,22.499998,60.870002,8.48,285.8
120619932045,4.479,21.610004,63.829999,7.88,239
120619932115,4.161,20.479998,66.429998,7.14,196.2
120619932145,3.932,17.440007,68.41,6.602,156.9
120619932215,3.047,16.759993,69.470001,6.157,120.1
120619932245,3.182,14.959997,72.4,4.957,90.5
120619932315,3.066,11.609999,75.400001,4.199,61.98
120619932345,2.608,22.169994,78.200003,3.348,41.35
130619930015,1.569,18.009997,79.599998,2.663,28.51
130619930045,2.147,3.830997,83.900003,1.293,20.88
130619930115,2.832,10.789993,88.300002,0.763,17.5
130619930145,2.127,11.459992,90.599998,0.391,16.49
130619930215,1.314,93.800005,91.700002,-0.099,17.28
130619930245,2.315,47.590013,93.1,-0.661,19.91
130619930315,2.347,197.400006,94.599999,-1.003,26.48
130619930345,1.684,341.500001,95.400003,-0.841,42.77
130619930415,1.8,130.30001,95.699999,-0.645,63.9
130619930445,2.256999,198.999996,95.900003,-0.609,91.6
130619930515,3.193,34.159994,96.2,-0.73,90.5
130619930545,3.188,23.730003,96.800003,-0.735,110.6
130619930615,3.482,14.030002,96.800002,-0.314,160.6
130619930645,2.758,34.180009,95.900003,0.573,239.3
130619930715,3.172,44.09999,94.599999,1.094,287.9
130619930745,2.837,25.819999,92.899997,1.796,324.9
130619930815,2.82,18.559999,90.200002,2.628,386.5
130619930845,3.247,28.420001,89.699998,2.55,436.2
130619930915,3.179,37.500009,88.799997,2.895,486
130619930945,3.36,26.700001,87.400001,3.577,533.1
130619931015,3.97,21.350006,85.900001,4.103,577.9
130619931045,4.293,28.400005,83.599998,4.878,617.9
130619931115,4.047,22.440007,80.200001,5.511,653.8
130619931145,4.108,20.709994,74.900001,6.622,686.2
130619931215,4.194,20.690003,71.6,7.32,710
130619931245,4.868,26.050001,70.200001,7.7,730
130619931315,4.44,24.199998,68.030002,8.4,741
130619931345,5.038999,22.889998,66.280001,8.64,747
130619931415,4.815,19.499999,64.230002,9.2,743
130619931445,5.465,16.959995,62.589999,9.61,733
130619931515,5.881,17.339998,60.620001,9.83,713
130619931545,6.298,22.729997,61.730002,9.43,686.7
130619931615,6.459,17.429997,61.839998,9.41,654.7
130619931645,6.284,20.200001,61.829998,9.6,618.2
130619931715,6.442,20.119997,62.150001,9.37,577.5
130619931745,6.813,19.120004,62.820002,9.02,531
130619931815,6.332,21.209998,62.41,9.09,482.1
130619931845,6.481,29.109999,64.859999,8.72,433.1
130619931915,5.758,40.920003,66.74,8.73,382.6
130619931945,5.254,16.679996,67.370001,8.74,332.6
130619932015,5.056,23.910006,67.659998,8.56,284.1
130619932045,5.003,13.430002,67.990001,8.38,237.2
130619932115,4.647,17.270004,68.910002,8.17,194
130619932145,4.11,9.830005,69.530001,7.92,155.1
130619932215,3.006,10.669996,70.799998,7.47,119.3
130619932245,2.447,6.006989,71.8,7.12,90.6
130619932315,2.137,173.200007,73.199998,6.564,62.45
130619932345,1.631,63.669991,75.300003,5.824,41.38
140619930015,1.896,349.900009,78.800001,4.816,28.54
140619930045,0.992,356.400013,83.899998,3.401,21.2
140619930115,1.162,330.000012,87.500002,2.842,17.89
140619930145,1.335,258.099978,88.900003,1.774,16.33
140619930215,1.035,256.499999,92.3,1.159,17.13
140619930245,0.522001,252.000003,93.200003,1.094,19.51
140619930315,0.599,236.200022,93.399998,1.265,24.92
140619930345,0.431,238.59999,94.100002,1.143,40.44
140619930415,1.359,177.49999,92.599999,3.214,59.27
140619930445,0.392,118.00005,88.900001,4.153,84.1
140619930515,0.198,240.699971,87.5,4.165,114.5
140619930545,0.655,122.199981,84.300001,5.787,149.9
140619930615,0.549,19.059968,82.199999,6.357,189.5
140619930645,1.14,62.120013,78.400002,7.19,232.7
140619930715,1.658,177.599995,74.900001,7.88,281.1
140619930745,2.055,177.000011,73.199999,8.45,320.7
140619930815,2.904,85.099995,69.95,9.33,382.9
140619930845,3.003,85.600004,67.739999,9.99,434
140619930915,2.945,75.599993,65.119999,10.82,482.8
140619930945,3.282,73.300002,62.510002,11.54,530
140619931015,3.523,83.3,59.089999,12.48,573.4
140619931045,3.949,86.199995,54.519999,13.71,614.6
140619931115,4.842,78.199999,50.709999,14.2,649.4
140619931145,5.177,78.100001,48.410001,14.8,679.1
140619931215,5.366,76.600002,47.4,15.21,702
140619931245,5.448,77.899999,46.100002,15.58,719
140619931315,5.217,76.200002,44.779999,16.27,731
140619931345,4.998,73.599995,43.320001,16.97,733
140619931415,4.719,77.499995,41.63,17.61,729
140619931445,4.765,82.900001,39.88,18.11,718
140619931515,5.319,75.999996,38.86,18.39,699.2
140619931545,5.268,74.899998,37.509999,18.66,673.8
140619931615,4.844,72.699998,36.369999,18.99,642.6
140619931645,4.892,48.569997,37.439999,18.94,607.1
140619931715,4.767,33.22,39.069999,18.27,566.3
140619931745,5.419,40.13,39.469999,17.97,523.2
140619931815,5.432,48.320005,39.860001,17.67,479.4
140619931845,5.268,41.900002,40.08,17.42,431.9
140619931915,5.698,40.060005,41.28,16.35,379.8
140619931945,5.686,37.779998,43.340001,15.47,331.9
140619932015,5.13,41.130002,46.399999,14.8,283.3
140619932045,4.9,45.450002,49.829999,14.25,236.6
140619932115,4.681,54.100001,53.590001,13.67,193.9
140619932145,3.855,60.369992,56.909999,12.91,155.6
140619932215,3.401,49.819992,59,12.33,119.5
140619932245,2.957,52.239992,61.439999,11.67,90.8
140619932315,2.007,45.319998,64.090001,10.95,63.07
140619932345,1.952,23.57001,67.349999,9.66,41.74
150619930015,2.377,16.229998,72.099998,8.41,28.74
150619930045,2.424,16.120008,74.800001,7.58,21.26
150619930115,2.194999,11.409992,78.600002,6.614,17.58
150619930145,1.564,248.299993,81.499998,6.165,16.29
150619930215,0.76,352.999977,85.800002,4.518,16.93
150619930245,1.571,251.999992,90.799998,3.175,19.03
150619930315,1.434,246.700007,92.899998,2.902,23.8
150619930345,1.490001,248.299995,93.899997,2.692,37.95
150619930415,1.521,249.900009,93.5,3.457,56.63
150619930445,1.051,249.900016,92.499998,4.447,82.6
150619930515,0.335,249.900025,89.599999,6.024,113.1
150619930545,0.508,109.99997,79.799998,9.04,147.8
150619930615,1.157,79.200006,77.000001,9.54,187.3
150619930645,0.363,155.100002,68.809999,11.66,231.4
150619930715,1.783001,121.900004,54.519998,14.66,280
150619930745,3.634,180.700007,46.92,15.99,320.8
150619930815,4.293,188.500003,44.509999,16.81,383.7
150619930845,5.03,194.100006,40.37,17.5,434.6
150619930915,5.017,198.800001,37.500001,17.97,484.5
150619930945,4.75,189.600006,35.709999,18.55,532
150619931015,4.784,180.300002,34.26,19.17,576
150619931045,4.517,91.000006,33.289999,19.45,617.6
150619931115,4.758,97.6,31.67,19.94,654
150619931145,4.977,183.400002,31.249999,19.92,682.8
150619931215,4.315,93.800002,31.009999,20.45,707
150619931245,4.584,180.199998,29.75,20.86,726
150619931315,4.356,98.500003,28.749999,21.25,737
150619931345,4.211,181.499998,27.649999,21.79,740
150619931415,4.158,183.900006,26.599999,22.07,735
150619931445,3.973,92.099993,25.35,22.43,724
150619931515,4.337,180.999999,24.35,22.89,706
150619931545,4.289,97.8,22.92,22.99,681.7
150619931615,4.455,181.899996,21.99,23.12,652
150619931645,3.788,186.600001,21.1,23.52,617.1
150619931715,3.879,96.900002,20.449999,23.75,576.3
150619931745,3.887,93.899993,20.25,23.82,531.5
150619931815,4.05,189.7,20.34,23.71,484.8
150619931845,3.812,188.400008,19.890001,23.6,436.8
150619931915,4.091,186.499996,19.820001,23.5,388.6
150619931945,3.838,183.999995,19.67,23.34,339.3
150619932015,3.623999,188.499996,19.79,23.07,290
150619932045,3.484,189.599995,20.1,22.73,242.8
150619932115,2.416,186.100001,21.289999,22.58,198.5
150619932145,1.203,111.500007,23.800001,22.65,158.5
150619932215,1.198,175.5,27.11,21.35,120.3
150619932245,0.871,148.799964,30.239999,20.34,90.9
150619932315,0.344,112.000067,33.920001,18.99,62.6
150619932345,1.4,111.300006,37.029999,17.35,41.78
160619930015,1.59,106.999995,40.209999,15.57,29.05

