Date,Iprec[mm/h],WindS[m/s],WindDir[deg],RelHum[%],AirT[C],SWglobal[W/m2],TauCloudiness[-]
01/07/2007 0:00,0,0.3,22.5,95,9.2,0,0.720727
01/07/2007 1:00,0,0.2,337.5,97,9.2,0,0.748931
01/07/2007 2:00,0,0.1,315,96,9.9,0,0.777134
01/07/2007 3:00,0,0.4,22.5,95,9.1,0,0.805338
01/07/2007 4:00,0,0.1,337.5,98,9.2,0,0.833541
01/07/2007 5:00,0,0.4,270,96,9.2,0,0.861744
01/07/2007 6:00,0,0.3,292.5,97,8.8,24,0.889948
01/07/2007 7:00,0,0.4,157.5,88,10.7,221,0.918151
01/07/2007 8:00,0,1.2,135,78,12.9,452,0.946355
01/07/2007 9:00,0,1.7,111.5,74,14.1,554,0.946355
01/07/2007 10:00,0,1.8,111.5,70,15.3,671,0.85914
01/07/2007 11:00,0,1.6,135,66,16.2,643,0.85914
01/07/2007 12:00,0,1.9,135,57,18,917,0.85914
01/07/2007 13:00,0,1.9,111.5,56,17.7,478,0.475802
01/07/2007 14:00,0,1.6,111.5,56,18,418,0.475802
01/07/2007 15:00,0,2.2,111.5,57,18.3,631,0.744391
01/07/2007 16:00,0,2.6,90,58,18.2,642,0.744391
01/07/2007 17:00,0,3.2,90,63,17.1,309,0.744391
01/07/2007 18:00,0.2,2.3,90,75,15.4,49,0.744391
01/07/2007 19:00,0.4,0.4,135,92,13.9,12,0.715755
01/07/2007 20:00,0,0.4,0,94,13.2,0,0.68712
01/07/2007 21:00,0,0.3,22.5,95,12.3,0,0.658484
01/07/2007 22:00,0,0.2,45,95,12.1,0,0.629849
01/07/2007 23:00,0,0.3,22.5,96,12.1,0,0.601213
02/07/2007 0:00,0,0.2,45,96,11.9,0,0.572578
02/07/2007 1:00,0,0.2,67.5,97,11.8,0,0.543942
02/07/2007 2:00,0.2,0.4,180,100,12,0,0.515307
02/07/2007 3:00,0.4,0.3,135,100,11.8,0,0.486671
02/07/2007 4:00,5.6,1,247.5,96,10.8,0,0.458036
02/07/2007 5:00,0.2,0.2,292.5,99,10,0,0.4294
02/07/2007 6:00,3.8,0.4,67.5,100,10.1,3,0.400764
02/07/2007 7:00,0,1.2,135,100,10.3,31,0.372129
02/07/2007 8:00,0,0.9,157.5,100,10.8,113,0.343493
02/07/2007 9:00,0,1.5,135,98,11.4,267,0.343493
02/07/2007 10:00,0,2.4,135,92,12.7,436,0.47604
02/07/2007 11:00,0,2.9,90,86,13.6,392,0.47604
02/07/2007 12:00,0,3.1,90,82,14.1,384,0.47604
02/07/2007 13:00,0,2.7,90,78,14.7,394,0.289153
02/07/2007 14:00,0.4,2.9,111.5,82,13.4,152,0.289153
02/07/2007 15:00,2.4,1.4,337.5,90,11.1,80,0.048974
02/07/2007 16:00,4.6,0.7,67.5,97,10.2,23,0.048974
02/07/2007 17:00,4.4,0.9,22.5,99,9.6,10,0.048974
02/07/2007 18:00,1.6,0.6,337.5,99,9.6,28,0.048974
02/07/2007 19:00,0,0.9,315,96,9.5,59,0.082462
02/07/2007 20:00,0,1.3,315,92,9.1,12,0.11595
02/07/2007 21:00,0,1.3,270,93,8.6,0,0.149438
02/07/2007 22:00,0,0.9,270,94,7.5,0,0.182926
02/07/2007 23:00,0,0.7,315,95,7.1,0,0.216414
03/07/2007 0:00,0,1.3,315,93,7,0,0.249902
03/07/2007 1:00,0,0.7,315,92,6.9,0,0.283389
03/07/2007 2:00,0,1.1,315,88,6.9,0,0.316877
03/07/2007 3:00,0,1,292.5,87,6.8,0,0.350365
03/07/2007 4:00,0,1,0,89,6.5,0,0.383853
03/07/2007 5:00,0,0.6,315,88,6.5,2,0.417341
03/07/2007 6:00,0,0.2,337.5,92,6.1,23,0.450829
03/07/2007 7:00,0,0.5,45,78,9.2,235,0.484317
03/07/2007 8:00,0,0.4,270,70,10.9,255,0.517805
03/07/2007 9:00,0,0.7,90,76,11.2,291,0.517805
03/07/2007 10:00,0,1.4,135,73,12.2,612,0.575927
03/07/2007 11:00,0,1.8,135,75,12.8,410,0.575927
03/07/2007 12:00,0,2,135,74,13.8,439,0.575927
03/07/2007 13:00,0,3,90,71,13.5,317,0.330587
03/07/2007 14:00,0,3.1,90,71,13.3,305,0.330587
03/07/2007 15:00,0,2.2,90,74,12.9,157,0.216672
03/07/2007 16:00,0,2.1,90,76,12.7,153,0.216672
03/07/2007 17:00,0,2.2,90,79,12.6,134,0.216672
03/07/2007 18:00,0,2.3,90,82,12,30,0.216672
03/07/2007 19:00,0,1.7,90,86,11.6,7,0.204971
03/07/2007 20:00,0,1.5,111.5,90,11.1,2,0.193271
03/07/2007 21:00,0,1.7,111.5,93,10.8,0,0.181571
03/07/2007 22:00,0,1.7,111.5,93,10.7,0,0.169871
03/07/2007 23:00,0,0.9,135,94,10.3,0,0.158171
04/07/2007 0:00,0,0.5,180,96,10.2,0,0.14647
04/07/2007 1:00,0,1.2,90,92,10.3,0,0.13477
04/07/2007 2:00,0,1.4,157.5,92,10.2,0,0.12307
04/07/2007 3:00,0,0.9,0,95,10,0,0.11137
04/07/2007 4:00,0,0.4,202.5,96,9.8,0,0.09967
04/07/2007 5:00,0,0.3,22.5,97,9.7,0,0.087969
04/07/2007 6:00,0,0.8,135,98,9.9,14,0.076269
04/07/2007 7:00,1.2,1.9,90,97,9.9,30,0.064569
04/07/2007 8:00,5.8,1.4,22.5,91,8,12,0.052869
04/07/2007 9:00,4.4,1.2,0,93,7.2,49,0.052869
04/07/2007 10:00,0.8,0.7,270,91,7.8,194,0.550048
04/07/2007 11:00,0,1.6,0,79,9,472,0.550048
04/07/2007 12:00,0,1.6,202.5,69,12,818,0.550048
04/07/2007 13:00,0.2,2.3,337.5,68,10,303,0.184258
04/07/2007 14:00,2.4,1.6,0,91,5.7,51,0.184258
04/07/2007 15:00,0.2,0.9,90,95,6,87,0.104683
04/07/2007 16:00,0,0.7,135,97,5.6,71,0.104683
04/07/2007 17:00,0,0.8,270,89,6.2,61,0.104683
04/07/2007 18:00,0,0.6,90,85,6.8,119,0.104683
04/07/2007 19:00,0,1.1,90,78,6.7,82,0.162472
04/07/2007 20:00,0,0.7,315,83,5.3,12,0.22026
04/07/2007 21:00,0,0.9,22.5,83,4.4,0,0.278049
04/07/2007 22:00,0,1.2,315,69,4.9,0,0.335838
04/07/2007 23:00,0,1.4,270,55,6.3,0,0.393626
05/07/2007 0:00,0,1.3,337.5,56,5.7,0,0.451415
05/07/2007 1:00,0,1.9,292.5,48,7.1,0,0.509204
05/07/2007 2:00,0,1.2,315,58,5.3,0,0.566992
05/07/2007 3:00,0,0.8,67.5,65,4.4,0,0.624781
05/07/2007 4:00,0,0.8,67.5,68,4,0,0.68257
05/07/2007 5:00,0,0.6,315,69,3.5,2,0.740358
05/07/2007 6:00,0,1.1,90,66,4.6,42,0.798147
05/07/2007 7:00,0,1.8,90,48,8.4,284,0.855936
05/07/2007 8:00,0,2.1,22.5,40,10,525,0.913724
05/07/2007 9:00,0,2.2,247.5,41,10.1,523,0.913724
05/07/2007 10:00,0,1.7,45,43,10.7,415,0.497874
05/07/2007 11:00,0,3.5,225,46,9.8,394,0.497874
05/07/2007 12:00,0,2.2,337.5,57,9.4,499,0.497874
05/07/2007 13:00,1.6,2.4,225,68,7.6,274,0.578461
05/07/2007 14:00,0,1,225,70,9.4,812,0.578461
05/07/2007 15:00,0.4,2.7,45,62,8.3,260,0.651529
05/07/2007 16:00,0,1.5,225,66,10.1,608,0.651529
05/07/2007 17:00,0,1.9,315,51,11.1,441,0.651529
05/07/2007 18:00,0,1.5,315,55,10.2,131,0.651529
05/07/2007 19:00,0,1.7,0,56,9.4,63,0.668121
05/07/2007 20:00,0,1.2,0,60,8,10,0.684712
05/07/2007 21:00,0,0.9,315,66,7,0,0.701303
05/07/2007 22:00,0,1.1,0,69,6,0,0.717894
05/07/2007 23:00,0,1,292.5,67,5.9,0,0.734485
06/07/2007 0:00,0,1.1,315,61,5.8,0,0.751077
06/07/2007 1:00,0,0.9,315,58,6,0,0.767668
06/07/2007 2:00,0,1.2,337.5,57,6,0,0.784259
06/07/2007 3:00,0,1.8,315,53,7.2,0,0.80085
06/07/2007 4:00,0,2.6,337.5,55,6.5,0,0.817442
06/07/2007 5:00,0,2.2,337.5,58,5.5,0,0.834033
06/07/2007 6:00,0,1,337.5,60,5.6,16,0.850624
06/07/2007 7:00,0,1.7,0,51,8.1,242,0.867215
06/07/2007 8:00,0,1,22.5,45,10.7,452,0.883806
06/07/2007 9:00,0,1.1,45,37,12.9,483,0.883806
06/07/2007 10:00,0,1.9,270,41,14.5,692,0.698991
06/07/2007 11:00,0,1.7,270,42,14.9,565,0.698991
06/07/2007 12:00,0,3.6,225,43,15,542,0.698991
06/07/2007 13:00,0,2.8,225,44,15.5,431,0.683832
06/07/2007 14:00,0,3.5,225,43,17,856,0.683832
06/07/2007 15:00,0,3,247.5,38,18,999,0.864329
06/07/2007 16:00,0,3,270,37,17.6,575,0.864329
06/07/2007 17:00,0,3.1,225,37,17.6,436,0.864329
06/07/2007 18:00,0,2.5,247.5,36,17.7,323,0.864329
06/07/2007 19:00,0,2.2,90,46,16.3,87,0.87402
06/07/2007 20:00,0,1.2,90,78,12.7,14,0.883711
06/07/2007 21:00,0,0.9,337.5,85,11,0,0.893402
06/07/2007 22:00,0,0.8,0,88,9.7,0,0.903092
06/07/2007 23:00,0,0.7,0,91,9.2,0,0.912783
07/07/2007 0:00,0,0.5,315,92,8.7,0,0.922474
07/07/2007 1:00,0,0.7,337.5,84,8.7,0,0.932165
07/07/2007 2:00,0,0.5,337.5,80,8.2,0,0.941855
07/07/2007 3:00,0,0.5,45,77,7.9,0,0.951546
07/07/2007 4:00,0,0.6,45,70,8.6,0,0.961237
07/07/2007 5:00,0,0.8,292.5,65,9.3,0,0.970928
07/07/2007 6:00,0,0.6,0,65,9.4,14,0.980618
07/07/2007 7:00,0,0.9,22.5,54,12.8,244,0.990309
07/07/2007 8:00,0,1.7,67.5,43,15.6,452,1
07/07/2007 9:00,0,3.5,225,36,17.2,635,1
07/07/2007 10:00,0,3.3,225,35,18.1,804,0.972697
07/07/2007 11:00,0,2.4,270,36,18.7,812,0.972697
07/07/2007 12:00,0,2.3,247.5,32,19.7,955,0.972697
07/07/2007 13:00,0,2.1,67.5,31,20,898,0.963599
07/07/2007 14:00,0,1.8,247.5,30,21.3,987,0.963599
07/07/2007 15:00,0,2.1,45,35,21.5,929,0.869819
07/07/2007 16:00,0,3.4,90,45,20.5,776,0.869819
07/07/2007 17:00,0,3,90,55,18.7,331,0.869819
07/07/2007 18:00,0,3,67.5,67,17,108,0.869819
07/07/2007 19:00,0,2.3,67.5,75,15.9,52,0.879118
07/07/2007 20:00,0,2,90,82,15,10,0.888416
07/07/2007 21:00,0,1.1,111.5,86,14.3,0,0.897715
07/07/2007 22:00,0,0.8,135,89,13.9,0,0.907014
07/07/2007 23:00,0,0.7,135,91,13.4,0,0.916312
08/07/2007 0:00,0,0.4,45,94,12.9,0,0.925611
08/07/2007 1:00,0,0.4,45,95,12.6,0,0.934909
08/07/2007 2:00,0,0.4,135,96,12.4,0,0.944208
08/07/2007 3:00,0,0.2,90,98,12.3,0,0.953507
08/07/2007 4:00,0,0.4,22.5,93,11.9,0,0.962805
08/07/2007 5:00,0,0.3,45,93,11.6,0,0.972104
08/07/2007 6:00,0,0.4,22.5,93,11.4,31,0.981403
08/07/2007 7:00,0,0.5,67.5,85,13.1,225,0.990701
08/07/2007 8:00,0,1,111.5,74,15,441,1
08/07/2007 9:00,0,1.4,111.5,63,16.8,668,1
08/07/2007 10:00,0,1.9,111.5,53,18.3,865,0.936539
08/07/2007 11:00,0,1.9,135,48,18.8,718,0.936539
08/07/2007 12:00,0,1.7,225,42,20.4,933,0.936539
08/07/2007 13:00,0,2.2,225,43,20.6,912,0.656522
08/07/2007 14:00,0,1.9,90,52,19,331,0.656522
08/07/2007 15:00,0,2.3,111.5,54,19.1,506,0.342128
08/07/2007 16:00,0,2.7,90,62,17.7,220,0.342128
08/07/2007 17:00,2.8,1.4,67.5,83,15.2,56,0.342128
08/07/2007 18:00,2.4,0.9,67.5,94,13.5,14,0.342128
08/07/2007 19:00,1.8,0.8,157.5,99,13.1,24,0.343724
08/07/2007 20:00,0,0.2,337.5,100,13.3,3,0.345321
08/07/2007 21:00,0,0.1,111.5,100,13.1,0,0.346917
08/07/2007 22:00,0,0.3,315,100,12.8,0,0.348514
08/07/2007 23:00,0,0.2,0,100,12.6,0,0.35011
09/07/2007 0:00,0,0.1,180,100,12.2,0,0.351707
09/07/2007 1:00,0,0.2,67.5,100,12,0,0.353303
09/07/2007 2:00,0,0.2,315,100,12.1,0,0.3549
09/07/2007 3:00,0,0.1,180,100,12.1,0,0.356496
09/07/2007 4:00,4.2,0.4,225,100,12.1,0,0.358093
09/07/2007 5:00,4,1.2,90,96,10.4,0,0.359689
09/07/2007 6:00,0.6,0.8,0,98,9.9,3,0.361285
09/07/2007 7:00,4.6,0.7,292.5,100,10,3,0.362882
09/07/2007 8:00,3,0.8,315,98,10.4,80,0.364478
09/07/2007 9:00,0,0.8,45,91,11.7,331,0.364478
09/07/2007 10:00,0,1.4,135,85,12.6,434,0.40508
09/07/2007 11:00,0,1.2,135,84,12.9,265,0.40508
09/07/2007 12:00,1.6,1.2,135,92,12.5,314,0.40508
09/07/2007 13:00,0,2.4,111.5,85,13.4,582,0.411828
09/07/2007 14:00,1.4,2.4,111.5,90,12.7,192,0.411828
09/07/2007 15:00,4,2.4,90,97,11.5,103,0.195205
09/07/2007 16:00,1.6,2.6,90,97,11.3,119,0.195205
09/07/2007 17:00,0,2.5,111.5,97,11.1,157,0.195205
09/07/2007 18:00,0,1.4,135,97,10.9,71,0.195205
09/07/2007 19:00,2.8,1.9,90,98,10.7,37,0.217271
09/07/2007 20:00,0,2.4,111.5,96,10,2,0.239337
09/07/2007 21:00,0.4,3.7,0,89,6.4,0,0.261402
09/07/2007 22:00,3,1.8,292.5,91,4.9,0,0.283468
09/07/2007 23:00,1.2,1.6,315,94,4.2,0,0.305533
10/07/2007 0:00,0,1.2,0,94,4.4,0,0.327599
10/07/2007 1:00,0.6,1,0,94,4.5,0,0.349665
10/07/2007 2:00,1.4,0.8,22.5,94,4.4,0,0.37173
10/07/2007 3:00,2,1.5,225,92,4,0,0.393796
10/07/2007 4:00,0.2,0.9,0,94,4,0,0.415862
10/07/2007 5:00,0.8,1.1,337.5,90,4,0,0.437927
10/07/2007 6:00,1,1,315,94,3.3,2,0.459993
10/07/2007 7:00,0.6,1.1,90,92,3.8,65,0.482058
10/07/2007 8:00,0,1.3,135,87,5.2,256,0.504124
10/07/2007 9:00,0,1.6,337.5,82,5.4,263,0.504124
10/07/2007 10:00,0.2,1.5,247.5,71,7.4,603,0.925643
10/07/2007 11:00,0,1.8,292.5,61,9,891,0.925643
10/07/2007 12:00,0,1.7,225,42,20.4,933,0.925643
10/07/2007 13:00,0,2.2,225,43,20.6,912,0.789838
10/07/2007 14:00,0,1.9,90,49,10.5,583,0.789838
10/07/2007 15:00,0,1.7,337.5,49,11,439,0.540986
10/07/2007 16:00,0,1.6,67.5,45,10.8,434,0.540986
10/07/2007 17:00,0,1.9,337.5,51,10.1,275,0.540986
10/07/2007 18:00,0,2.1,315,52,9.5,195,0.540986
10/07/2007 19:00,0,2,0,54,8.8,84,0.558984
10/07/2007 20:00,0,1.3,45,64,7.6,10,0.576981
10/07/2007 21:00,0,1.3,45,78,6,0,0.594978
10/07/2007 22:00,0,1.3,0,84,4.8,0,0.612976
10/07/2007 23:00,0,1.2,292.5,78,5,0,0.630973
11/07/2007 0:00,0,1.2,270,70,5.2,0,0.648971
11/07/2007 1:00,0,1.3,0,73,4.4,0,0.666968
11/07/2007 2:00,0,1,0,73,4.6,0,0.684965
11/07/2007 3:00,0,1.2,0,75,4.4,0,0.702963
11/07/2007 4:00,0,1.3,0,74,4.3,0,0.72096
11/07/2007 5:00,0,1.1,315,75,4,0,0.738958
11/07/2007 6:00,0,1.3,337.5,72,4,23,0.756955
11/07/2007 7:00,0,1.2,315,68,4.9,150,0.774952
11/07/2007 8:00,0,1.2,337.5,47,8.5,455,0.79295
11/07/2007 9:00,0,1.7,0,47,8.8,364,0.79295
11/07/2007 10:00,0,1.5,22.5,44,8.9,298,0.414925
11/07/2007 11:00,0,1.6,225,46,9.4,350,0.414925
11/07/2007 12:00,0,1.6,202.5,43,10.2,445,0.414925
11/07/2007 13:00,0,1.3,0,47,10.3,295,0.557432
11/07/2007 14:00,0,1.8,337.5,53,10.8,753,0.557432
11/07/2007 15:00,0,1.9,292.5,54,10.3,635,0.738697
11/07/2007 16:00,0,1.7,337.5,46,11.2,556,0.738697
11/07/2007 17:00,0,1.6,315,53,10.3,377,0.738697
11/07/2007 18:00,0,1.2,270,54,10.3,153,0.738697
11/07/2007 19:00,0,1.4,337.5,61,8.2,31,0.75254
11/07/2007 20:00,0,1.1,0,66,7.4,10,0.766382
11/07/2007 21:00,0,1.2,0,66,6.4,0,0.780225
11/07/2007 22:00,0,1.1,315,66,6,0,0.794067
11/07/2007 23:00,0,1.1,315,63,6,0,0.80791
12/07/2007 0:00,0,0.9,315,66,6,0,0.821752
12/07/2007 1:00,0,0.9,225,63,6.7,0,0.835594
12/07/2007 2:00,0,1.2,315,65,6.1,0,0.849437
12/07/2007 3:00,0,1.2,315,68,5.2,0,0.863279
12/07/2007 4:00,0,1.3,315,68,5.4,0,0.877122
12/07/2007 5:00,0,1.2,45,67,5.9,2,0.890964
12/07/2007 6:00,0,1.2,292.5,64,6.7,44,0.904807
12/07/2007 7:00,0,1.5,22.5,58,8,162,0.918649
12/07/2007 8:00,0,1.3,67.5,51,10.5,382,0.932491
12/07/2007 9:00,0,1.2,45,40,12.3,615,0.932491
12/07/2007 10:00,0,1.5,67.5,44,12.8,582,0.612638
12/07/2007 11:00,0,1.4,292.5,41,12.7,446,0.612638
12/07/2007 12:00,0,1.4,135,40,13.6,547,0.612638
12/07/2007 13:00,0,2.1,225,40,13.9,472,0.554821
12/07/2007 14:00,0,2.3,247.5,37,14.1,579,0.554821
12/07/2007 15:00,0,2.5,225,35,15.1,617,0.90969
12/07/2007 16:00,0,2,90,42,15.1,720,0.90969
12/07/2007 17:00,0,1.9,135,53,14.3,544,0.90969
12/07/2007 18:00,0,1.9,90,62,12.8,258,0.90969
12/07/2007 19:00,0,1.6,67.5,71,11.5,65,0.911992
12/07/2007 20:00,0,1.1,0,81,10.1,14,0.914294
12/07/2007 21:00,0,1,0,87,8.9,0,0.916596
12/07/2007 22:00,0,1,45,90,8.8,0,0.918897
12/07/2007 23:00,0,1,0,90,8.5,0,0.921199
13/07/2007 0:00,0,1.1,337.5,89,8.7,0,0.923501
13/07/2007 1:00,0,1,0,88,8.4,0,0.925803
13/07/2007 2:00,0,1.1,315,84,7.7,0,0.928104
13/07/2007 3:00,0,0.8,315,82,7.1,0,0.930406
13/07/2007 4:00,0,1,337.5,81,6.8,0,0.932708
13/07/2007 5:00,0,0.9,45,85,6.2,0,0.93501
13/07/2007 6:00,0,1.2,315,80,6.9,17,0.937311
13/07/2007 7:00,0,1.3,0,68,9.8,209,0.939613
13/07/2007 8:00,0,1,22.5,57,13,418,0.941915
13/07/2007 9:00,0,1.5,111.5,58,13.5,558,0.941915
13/07/2007 10:00,0,1.7,111.5,49,15.5,779,0.985
13/07/2007 11:00,0,1.7,111.5,44,16.9,933,0.985
13/07/2007 12:00,0,1.9,111.5,41,17.7,900,0.985
13/07/2007 13:00,0,1.9,337.5,33,18.8,870,0.951808
13/07/2007 14:00,0,1.7,315,36,19.5,969,0.951808
13/07/2007 15:00,0,1.6,22.5,31,20.2,905,0.972585
13/07/2007 16:00,0,1.7,90,37,20.4,741,0.972585
13/07/2007 17:00,0,1.9,111.5,52,18.1,495,0.972585
13/07/2007 18:00,0,2.2,67.5,62,16.6,347,0.972585
13/07/2007 19:00,0,1.8,67.5,77,14.3,26,0.974543
13/07/2007 20:00,0,1.2,22.5,88,12.5,9,0.976502
13/07/2007 21:00,0,1,22.5,92,11.6,0,0.97846
13/07/2007 22:00,0,0.7,22.5,92,11.5,0,0.980418
13/07/2007 23:00,0,1,22.5,95,10.8,0,0.982376
14/07/2007 0:00,0,0.9,337.5,92,10.3,0,0.984334
14/07/2007 1:00,0,0.7,315,92,10,0,0.986293
14/07/2007 2:00,0,0.9,22.5,89,10.5,0,0.988251
14/07/2007 3:00,0,1,270,87,11,0,0.990209
14/07/2007 4:00,0,1,270,88,10.9,0,0.992167
14/07/2007 5:00,0,1.3,292.5,87,10.8,0,0.994125
14/07/2007 6:00,0,1.3,45,87,11.2,14,0.996084
14/07/2007 7:00,0,1.8,337.5,76,13.7,221,0.998042
14/07/2007 8:00,0,1.8,0,67,16,432,1
14/07/2007 9:00,0,1.7,111.5,62,17.5,607,1
14/07/2007 10:00,0,1.5,135,55,19.4,764,1
14/07/2007 11:00,0,1.8,135,45,20.5,879,1
14/07/2007 12:00,0,1.9,135,44,21.6,978,1
14/07/2007 13:00,0,2,111.5,37,22.6,1016,1
14/07/2007 14:00,0,2,111.5,43,23.1,929,1
14/07/2007 15:00,0,1.9,111.5,43,23.1,816,0.691569
14/07/2007 16:00,0,1.8,90,47,22,389,0.691569
14/07/2007 17:00,0,1.8,67.5,51,21.4,282,0.691569
14/07/2007 18:00,0,2,67.5,56,20.8,291,0.691569
14/07/2007 19:00,0,1.5,67.5,69,18.6,31,0.713233
14/07/2007 20:00,0,1.1,0,81,16.3,5,0.734896
14/07/2007 21:00,0,1,45,89,14.9,0,0.75656
14/07/2007 22:00,0,0.9,0,93,14.2,0,0.778224
14/07/2007 23:00,0,1,22.5,94,13.6,0,0.799887
15/07/2007 0:00,0,1.1,337.5,96,13.4,0,0.821551
15/07/2007 1:00,0,0.9,315,92,13.6,0,0.843214
15/07/2007 2:00,0,0.9,315,87,14,0,0.864878
15/07/2007 3:00,0,1.1,270,81,14.7,0,0.886541
15/07/2007 4:00,0,1.4,315,81,14.4,0,0.908205
15/07/2007 5:00,0,1.1,315,83,14.2,0,0.929869
15/07/2007 6:00,0,1.5,292.5,79,14.6,17,0.951532
15/07/2007 7:00,0,1.4,0,69,16.9,227,0.973196
15/07/2007 8:00,0,1.2,22.5,64,18.8,417,0.994859
15/07/2007 9:00,0,1.3,135,58,20.3,594,0.994859
15/07/2007 10:00,0,1.8,135,55,21.2,762,1
15/07/2007 11:00,0,2.1,135,44,22.4,879,1
15/07/2007 12:00,0,2.3,111.5,32,23.2,961,1
15/07/2007 13:00,0,2.5,111.5,28,23.4,1001,1
15/07/2007 14:00,0,2.3,111.5,24,23.7,968,1
15/07/2007 15:00,0,2.5,111.5,23,23.8,884,1
15/07/2007 16:00,0,2.3,90,24,23.5,750,1
15/07/2007 17:00,0,2.2,135,25,23,556,1
15/07/2007 18:00,0,2,111.5,33,21.7,293,1
15/07/2007 19:00,0,2,67.5,49,19.1,31,1
15/07/2007 20:00,0,1.1,0,59,16.6,5,1
15/07/2007 21:00,0,1.1,0,68,14.8,0,1
15/07/2007 22:00,0,1,22.5,74,13.8,0,1
15/07/2007 23:00,0,1,22.5,79,13.2,0,1
16/07/2007 0:00,0,0.9,0,84,12.8,0,1
16/07/2007 1:00,0,1,337.5,88,12.6,0,1
16/07/2007 2:00,0,1,315,91,12.2,0,1
16/07/2007 3:00,0,0.8,337.5,91,11.9,0,1
16/07/2007 4:00,0,0.9,0,92,11.4,0,1
16/07/2007 5:00,0,1.1,315,88,11.7,0,1
16/07/2007 6:00,0,1.1,292.5,84,12.7,14,1
16/07/2007 7:00,0,1.2,90,70,14.7,230,1
16/07/2007 8:00,0,1.2,111.5,64,17.5,445,1
16/07/2007 9:00,0,1.7,111.5,43,19.4,626,1
16/07/2007 10:00,0,1.8,111.5,38,20.6,776,1
16/07/2007 11:00,0,1.8,111.5,35,21.8,893,1
16/07/2007 12:00,0,1.7,111.5,34,22.8,961,1
16/07/2007 13:00,0,2,111.5,35,23.3,985,1
16/07/2007 14:00,0,2.2,111.5,34,23.6,954,1
16/07/2007 15:00,0,2,90,35,23.9,865,1
16/07/2007 16:00,0,2.4,111.5,39,23.5,736,1
16/07/2007 17:00,0,2.3,90,41,23,572,1
16/07/2007 18:00,0,2.4,90,48,21.7,317,1
16/07/2007 19:00,0,2.3,67.5,61,19.5,26,0.998495
16/07/2007 20:00,0,1.3,0,73,16.9,5,0.996989
16/07/2007 21:00,0,1.2,22.5,80,15,0,0.995484
16/07/2007 22:00,0,1.3,0,85,13.9,0,0.993978
16/07/2007 23:00,0,1.3,315,87,13.3,0,0.992473
17/07/2007 0:00,0,1.3,0,79,12.9,0,0.990967
17/07/2007 1:00,0,1.2,22.5,67,12.5,0,0.989462
17/07/2007 2:00,0,1.5,337.5,65,13,0,0.987956
17/07/2007 3:00,0,1.5,315,60,12.7,0,0.986451
17/07/2007 4:00,0,1.5,337.5,53,13.6,0,0.984945
17/07/2007 5:00,0,1.4,337.5,53,13.4,0,0.98344
17/07/2007 6:00,0,1.4,315,53,13.9,26,0.981934
17/07/2007 7:00,0,1.5,292.5,48,16.2,209,0.980429
17/07/2007 8:00,0,1.4,315,45,18.6,410,0.978923
17/07/2007 9:00,0,1.4,0,36,20.8,593,0.978923
17/07/2007 10:00,0,1.8,135,31,21.6,748,0.991604
17/07/2007 11:00,0,2.2,111.5,31,22.3,866,0.991604
17/07/2007 12:00,0,2.4,111.5,33,23.1,922,0.991604
17/07/2007 13:00,0,2.5,111.5,35,23.6,872,0.920099
17/07/2007 14:00,0,2.3,111.5,35,24.2,839,0.920099
17/07/2007 15:00,0,2.3,90,35,24.5,840,1
17/07/2007 16:00,0,2.4,111.5,37,24.3,720,1
17/07/2007 17:00,0,2.5,90,42,23.8,551,1
17/07/2007 18:00,0,2.2,111.5,47,22.5,302,1
17/07/2007 19:00,0,1.7,135,56,20.5,33,0.999403
17/07/2007 20:00,0,1.4,315,66,18,7,0.998806
17/07/2007 21:00,0,1.2,22.5,76,16.3,0,0.998208
17/07/2007 22:00,0,1.1,45,84,15,0,0.997611
17/07/2007 23:00,0,1,337.5,88,14.6,0,0.997014
18/07/2007 0:00,0,1.1,0,92,14.1,0,0.996417
18/07/2007 1:00,0,0.9,337.5,93,13.6,0,0.99582
18/07/2007 2:00,0,1.2,337.5,90,13.3,0,0.995222
18/07/2007 3:00,0,1,22.5,78,13.1,0,0.994625
18/07/2007 4:00,0,1.5,90,67,13.9,0,0.994028
18/07/2007 5:00,0,1.3,315,69,13.9,0,0.993431
18/07/2007 6:00,0,1.5,315,65,14.8,17,0.992834
18/07/2007 7:00,0,1.7,0,56,17.2,214,0.992236
18/07/2007 8:00,0,2.3,22.5,50,19,413,0.991639
18/07/2007 9:00,0,2.4,22.5,41,20.9,593,0.991639
18/07/2007 10:00,0,1.7,135,34,23.6,741,0.985808
18/07/2007 11:00,0,2.1,270,30,24.3,846,0.985808
18/07/2007 12:00,0,2.2,90,32,24.9,920,0.985808
18/07/2007 13:00,0,2,270,27,25.2,959,1
18/07/2007 14:00,0,2.4,270,26,25.6,933,1
18/07/2007 15:00,0,2.5,67.5,24,26.1,847,1
18/07/2007 16:00,0,2.4,315,21,25.8,718,1
18/07/2007 17:00,0,1.8,315,26,25.6,563,1
18/07/2007 18:00,0,1.7,90,32,24.1,298,1
18/07/2007 19:00,0,1.5,90,46,20.9,38,0.998369
18/07/2007 20:00,0,1.3,22.5,58,18.4,9,0.996738
18/07/2007 21:00,0,1.2,0,69,16.8,0,0.995107
18/07/2007 22:00,0,1,0,77,15.6,0,0.993476
18/07/2007 23:00,0,1.2,22.5,82,15,0,0.991845
19/07/2007 0:00,0,1.1,67.5,86,14,0,0.990214
19/07/2007 1:00,0,1.1,337.5,81,14.1,0,0.988583
19/07/2007 2:00,0,1.2,45,70,14.2,0,0.986952
19/07/2007 3:00,0,1.1,315,68,14.3,0,0.985321
19/07/2007 4:00,0,1.2,67.5,69,13.9,0,0.98369
19/07/2007 5:00,0,1.4,337.5,69,13.7,0,0.982058
19/07/2007 6:00,0,1.4,337.5,66,14.2,26,0.980427
19/07/2007 7:00,0,1.4,22.5,60,16.4,200,0.978796
19/07/2007 8:00,0,1.4,22.5,52,19.1,404,0.977165
19/07/2007 9:00,0,1.6,67.5,41,21.1,582,0.977165
19/07/2007 10:00,0,2.2,111.5,33,22.2,737,0.991793
19/07/2007 11:00,0,3,111.5,29,23.3,858,0.991793
19/07/2007 12:00,0,3,90,29,23.9,934,0.991793
19/07/2007 13:00,0,2.6,111.5,26,24.5,947,0.997223
19/07/2007 14:00,0,2.7,111.5,23,24.9,938,0.997223
19/07/2007 15:00,0,2.4,157.5,24,24.8,866,0.814766
19/07/2007 16:00,0,2.7,111.5,24,24.4,751,0.814766
19/07/2007 17:00,0,2.5,111.5,26,23,239,0.814766
19/07/2007 18:00,0,2,90,29,22,103,0.814766
19/07/2007 19:00,0,1.5,0,40,19.3,35,0.826773
19/07/2007 20:00,0,1.3,0,45,17.6,5,0.83878
19/07/2007 21:00,0,1.3,0,50,16.4,0,0.850788
19/07/2007 22:00,0,1.2,337.5,55,15.3,0,0.862795
19/07/2007 23:00,0,1.1,45,60,14.5,0,0.874802
20/07/2007 0:00,0,1.3,0,64,14.6,0,0.88681
20/07/2007 1:00,0,1.4,0,67,13.8,0,0.898817
20/07/2007 2:00,0,1.3,337.5,66,14.1,0,0.910824
20/07/2007 3:00,0,1.2,0,66,13.6,0,0.922832
20/07/2007 4:00,0,1.3,315,63,13.9,0,0.934839
20/07/2007 5:00,0,1.3,0,63,13.4,0,0.946846
20/07/2007 6:00,0,1.3,337.5,63,13.9,19,0.958854
20/07/2007 7:00,0,1.4,0,56,16.1,206,0.970861
20/07/2007 8:00,0,1.4,0,49,18.9,406,0.982868
20/07/2007 9:00,0,1.9,135,42,20.8,582,0.982868
20/07/2007 10:00,0,2.4,111.5,35,21.7,567,0.740468
20/07/2007 11:00,0,2.3,111.5,35,22.3,715,0.740468
20/07/2007 12:00,0,2.2,90,35,22.2,586,0.740468
20/07/2007 13:00,0,2.1,111.5,34,22.7,481,0.657452
20/07/2007 14:00,0,2.4,111.5,30,23.5,736,0.657452
20/07/2007 15:00,0,2.3,90,35,23,504,0.47396
20/07/2007 16:00,0,2.3,111.5,40,20.7,146,0.47396
20/07/2007 17:00,0,1.8,0,48,20.4,316,0.47396
20/07/2007 18:00,0,1.4,0,51,20,126,0.47396
20/07/2007 19:00,0,1.3,0,56,18.3,58,0.510006
20/07/2007 20:00,0,1.3,337.5,55,16.8,5,0.546052
20/07/2007 21:00,0,1.3,337.5,59,16,0,0.582098
20/07/2007 22:00,0,1.3,337.5,61,15.2,0,0.618144
20/07/2007 23:00,0,1.3,337.5,64,15,0,0.65419
21/07/2007 0:00,0,1.4,0,62,14.3,0,0.690236
21/07/2007 1:00,0,1.3,0,63,13.6,0,0.726282
21/07/2007 2:00,0,1.3,315,58,13.4,0,0.762328
21/07/2007 3:00,0,1.2,337.5,52,13.3,0,0.798375
21/07/2007 4:00,0,1.2,0,53,12.8,0,0.834421
21/07/2007 5:00,0,1,337.5,60,12.8,0,0.870467
21/07/2007 6:00,0,0.8,315,57,13.2,17,0.906513
21/07/2007 7:00,0,1.1,22.5,51,15.7,202,0.942559
21/07/2007 8:00,0,1.3,0,51,18.2,401,0.978605
21/07/2007 9:00,0,1.5,111.5,42,20.5,579,0.978605
21/07/2007 10:00,0,2.2,111.5,38,21.2,701,0.981143
21/07/2007 11:00,0,2.6,111.5,38,21.9,887,0.981143
21/07/2007 12:00,0,2.7,111.5,38,22.5,975,0.981143
21/07/2007 13:00,0,2.6,111.5,35,22.3,912,0.914271
21/07/2007 14:00,0,2.7,135,35,22.4,784,0.914271
21/07/2007 15:00,0,2.9,111.5,33,22,596,0.699019
21/07/2007 16:00,0,2.7,111.5,33,21.8,500,0.699019
21/07/2007 17:00,0,2.4,111.5,36,21.2,347,0.699019
21/07/2007 18:00,0,2.4,90,39,20.5,214,0.699019
21/07/2007 19:00,0,2.3,135,45,19.3,65,0.720518
21/07/2007 20:00,0,2.2,90,52,18.1,5,0.742017
21/07/2007 21:00,0,1.6,180,62,15.4,0,0.763515
21/07/2007 22:00,0,1.3,337.5,59,15.1,0,0.785014
21/07/2007 23:00,0,1.3,45,58,14.6,0,0.806512
22/07/2007 0:00,0,1.1,67.5,63,14.2,0,0.828011
22/07/2007 1:00,0,1.4,0,72,13,0,0.84951
22/07/2007 2:00,0,1.2,315,79,12.6,0,0.871008
22/07/2007 3:00,0,1.4,0,81,12,0,0.892507
22/07/2007 4:00,0,1.9,90,68,13.9,0,0.914006
22/07/2007 5:00,0,1.7,67.5,61,13.5,0,0.935504
22/07/2007 6:00,0,1.6,337.5,56,13.5,14,0.957003
22/07/2007 7:00,0,1.5,292.5,52,15.5,213,0.978501
22/07/2007 8:00,0,1.6,135,50,17.4,413,1
22/07/2007 9:00,0,1.9,111.5,44,18.4,591,1
22/07/2007 10:00,0,2.2,111.5,39,19.1,563,0.756551
22/07/2007 11:00,0,2.2,111.5,42,19.4,558,0.756551
22/07/2007 12:00,0,2.3,111.5,43,20.1,795,0.756551
22/07/2007 13:00,0,2.2,90,44,19.6,544,0.642148
22/07/2007 14:00,0,2.6,111.5,46,19.8,638,0.642148
22/07/2007 15:00,0,2.4,111.5,48,19.6,408,0.539341
22/07/2007 16:00,0,2.6,111.5,50,19.4,399,0.539341
22/07/2007 17:00,0,2.6,111.5,58,17.8,281,0.539341
22/07/2007 18:00,0,2.4,90,63,17.1,155,0.539341
22/07/2007 19:00,0,2.1,90,68,16.3,54,0.55339
22/07/2007 20:00,0,2,90,73,15.5,16,0.56744
22/07/2007 21:00,0,1.4,0,79,14,0,0.58149
22/07/2007 22:00,0,1.1,22.5,86,12.7,0,0.59554
22/07/2007 23:00,0,1,45,89,12,0,0.609589
23/07/2007 0:00,0,1,0,90,11.5,0,0.623639
23/07/2007 1:00,0,1.3,22.5,92,10.8,0,0.637689
23/07/2007 2:00,0,1.3,0,91,10.5,0,0.651739
23/07/2007 3:00,0,1.2,45,91,10.1,0,0.665788
23/07/2007 4:00,0,1.1,22.5,90,9.2,0,0.679838
23/07/2007 5:00,0,1.1,0,88,9.1,0,0.693888
23/07/2007 6:00,0,1.1,0,86,9.5,19,0.707938
23/07/2007 7:00,0,1.3,0,76,12.6,202,0.721988
23/07/2007 8:00,0,1.1,135,68,14.4,349,0.736037
23/07/2007 9:00,0,1.8,135,66,15.1,356,0.736037
23/07/2007 10:00,0,2.3,111.5,57,16.9,673,0.898924
23/07/2007 11:00,0,2.5,111.5,47,18.4,830,0.898924
23/07/2007 12:00,0,2.2,111.5,40,19.5,748,0.898924
23/07/2007 13:00,0,2.6,111.5,45,18.6,403,0.573886
23/07/2007 14:00,0,2.4,111.5,47,19.1,649,0.573886
23/07/2007 15:00,0,2.4,90,44,19.6,814,0.896058
23/07/2007 16:00,0,2.6,111.5,45,19.3,718,0.896058
23/07/2007 17:00,0,2.3,111.5,46,18.6,363,0.896058
23/07/2007 18:00,0,2.4,45,49,17.6,84,0.896058
23/07/2007 19:00,0,2.7,111.5,43,17.8,35,0.871068
23/07/2007 20:00,0,2.6,90,59,15.7,3,0.846079
23/07/2007 21:00,0,1.5,337.5,67,14.1,0,0.821089
23/07/2007 22:00,0,1.6,45,72,13.2,0,0.796099
23/07/2007 23:00,0,1.3,0,75,12.6,0,0.77111
24/07/2007 0:00,0,1.2,337.5,76,12.2,0,0.74612
24/07/2007 1:00,0,1.2,22.5,78,11.6,0,0.72113
24/07/2007 2:00,0,1.3,315,81,11.2,0,0.696141
24/07/2007 3:00,0,1.2,337.5,80,11.1,0,0.671151
24/07/2007 4:00,0,1.3,315,80,10.6,0,0.646162
24/07/2007 5:00,0,1.3,315,82,10.4,0,0.621172
24/07/2007 6:00,0,1.2,90,83,10.1,30,0.596182
24/07/2007 7:00,0,1.2,22.5,71,12.9,187,0.571193
24/07/2007 8:00,0,1.7,135,69,13.3,169,0.546203
24/07/2007 9:00,0,2.2,90,60,15.3,392,0.546203
24/07/2007 10:00,0,2.3,111.5,53,16.5,453,0.74962
24/07/2007 11:00,0,2.3,111.5,49,17.6,594,0.74962
24/07/2007 12:00,0,2.5,111.5,41,19.4,863,0.74962
24/07/2007 13:00,0,2.8,292.5,36,18.3,600,0.594749
24/07/2007 14:00,0.2,2.4,315,43,18,502,0.594749
24/07/2007 15:00,3.6,2.8,67.5,54,14.1,59,0.415716
24/07/2007 16:00,1.4,2.1,45,84,9.2,120,0.415716
24/07/2007 17:00,0,1.7,225,71,12.1,544,0.415716
24/07/2007 18:00,0,1.6,270,65,12.7,293,0.415716
24/07/2007 19:00,0,1.7,337.5,77,10.3,24,0.457451
24/07/2007 20:00,0,1.4,315,79,9.3,3,0.499185
24/07/2007 21:00,0,1.3,337.5,79,8.7,0,0.54092
24/07/2007 22:00,0,1.3,315,77,8.5,0,0.582655
24/07/2007 23:00,0,1.5,247.5,73,8.6,0,0.624389
25/07/2007 0:00,0,1.5,315,75,8.2,0,0.666124
25/07/2007 1:00,0,1.4,270,74,8.4,0,0.707858
25/07/2007 2:00,0,1.3,315,75,8,0,0.749593
25/07/2007 3:00,0,1.4,0,75,7.6,0,0.791327
25/07/2007 4:00,0,1.2,315,74,7.6,0,0.833062
25/07/2007 5:00,0,1.4,315,73,7.3,0,0.874796
25/07/2007 6:00,0,1.7,337.5,68,8.1,9,0.916531
25/07/2007 7:00,0,1.7,0,62,9.9,216,0.958265
25/07/2007 8:00,0,1.5,0,45,13.2,429,1
25/07/2007 9:00,0,1.5,22.5,42,14.1,614,1
25/07/2007 10:00,0,1.9,337.5,40,14.9,771,1
25/07/2007 11:00,0,2.1,337.5,41,16.2,891,1
25/07/2007 12:00,0,1.9,90,36,17.5,961,1
25/07/2007 13:00,0,1.8,315,30,18.4,988,1
25/07/2007 14:00,0,1.6,315,31,19.3,957,1
25/07/2007 15:00,0,2,270,28,20.3,879,1
25/07/2007 16:00,0,2.3,247.5,23,20.5,753,1
25/07/2007 17:00,0,2,45,22,20.7,584,1
25/07/2007 18:00,0,1.9,67.5,38,18.5,303,1
25/07/2007 19:00,0,2,45,58,15.7,17,1
25/07/2007 20:00,0,1.4,22.5,70,13.1,3,1
25/07/2007 21:00,0,1.2,45,78,11.7,0,1
25/07/2007 22:00,0,1.2,0,82,10.8,0,1
25/07/2007 23:00,0,1,22.5,84,10.3,0,1
26/07/2007 0:00,0,1,22.5,86,10,0,1
26/07/2007 1:00,0,0.9,337.5,86,9.9,0,1
26/07/2007 2:00,0,1.2,22.5,86,9.6,0,1
26/07/2007 3:00,0,0.9,0,87,9.1,0,1
26/07/2007 4:00,0,1.1,337.5,88,9.1,0,1
26/07/2007 5:00,0,1.1,337.5,90,9.1,0,1
26/07/2007 6:00,0,0.9,0,89,9.4,12,1
26/07/2007 7:00,0,1.4,22.5,78,12,209,1
26/07/2007 8:00,0,1.3,135,66,14.2,450,1
26/07/2007 9:00,0,1.7,135,62,15.2,605,1
26/07/2007 10:00,0,1.7,135,55,16.8,757,0.995973
26/07/2007 11:00,0,2,111.5,49,18.2,880,0.995973
26/07/2007 12:00,0,2,135,46,19.1,905,0.995973
26/07/2007 13:00,0,2,111.5,44,19.8,931,0.998657
26/07/2007 14:00,0,2.1,135,41,20.4,987,0.998657
26/07/2007 15:00,0,1.9,111.5,41,20.8,887,1
26/07/2007 16:00,0,2.2,225,35,21.6,798,1
26/07/2007 17:00,0,2.3,337.5,42,20.5,568,1
26/07/2007 18:00,0,2.1,90,54,18.1,181,1
26/07/2007 19:00,0,1.6,90,65,16.2,30,0.999408
26/07/2007 20:00,0,1.2,0,76,14,5,0.998817
26/07/2007 21:00,0,1.2,22.5,81,12.8,0,0.998225
26/07/2007 22:00,0,1,0,83,12.1,0,0.997633
26/07/2007 23:00,0,1,0,86,11.5,0,0.997042
27/07/2007 0:00,0,1.2,315,85,11.6,0,0.99645
27/07/2007 1:00,0,1.1,337.5,83,11.5,0,0.995858
27/07/2007 2:00,0,1,0,81,11.9,0,0.995266
27/07/2007 3:00,0,1.1,315,78,12.5,0,0.994675
27/07/2007 4:00,0,1.4,292.5,78,12.2,0,0.994083
27/07/2007 5:00,0,1.2,292.5,80,12,0,0.993491
27/07/2007 6:00,0,1.3,292.5,79,12.2,14,0.9929
27/07/2007 7:00,0,1.4,337.5,70,14.6,188,0.992308
27/07/2007 8:00,0,1.9,0,63,16.6,389,0.991716
27/07/2007 9:00,0,1.7,111.5,55,18.7,570,0.991716
27/07/2007 10:00,0,1.9,135,50,19.7,769,0.88383
27/07/2007 11:00,0,2,135,46,20.6,723,0.88383
27/07/2007 12:00,0,2.1,135,44,21.3,723,0.88383
27/07/2007 13:00,0,2,111.5,45,21,537,0.510959
27/07/2007 14:00,0,1.8,111.5,46,21,396,0.510959
27/07/2007 15:00,0,2,111.5,47,21.5,533,0.389983
27/07/2007 16:00,0,1.9,111.5,53,20.2,174,0.389983
27/07/2007 17:00,0,1.8,90,57,19.7,127,0.389983
27/07/2007 18:00,0,1.8,67.5,64,18.6,75,0.389983
27/07/2007 19:00,0,1.4,90,70,17.5,38,0.417708
27/07/2007 20:00,0,1.1,22.5,78,16.2,7,0.445434
27/07/2007 21:00,0,1.2,0,83,15.3,0,0.473159
27/07/2007 22:00,0,0.9,67.5,86,14.7,0,0.500884
27/07/2007 23:00,1,1,0,88,14.6,0,0.52861
28/07/2007 0:00,6.4,1.1,337.5,98,13.8,0,0.556335
28/07/2007 1:00,0,1,315,98,13.7,0,0.584061
28/07/2007 2:00,0,1.2,315,97,13.5,0,0.611786
28/07/2007 3:00,0,1.1,270,95,13.7,0,0.639511
28/07/2007 4:00,0,1.2,315,97,13.3,0,0.667237
28/07/2007 5:00,0,1.1,0,96,13.2,0,0.694962
28/07/2007 6:00,0,0.9,22.5,96,12.8,19,0.722688
28/07/2007 7:00,0,0.9,90,95,13.8,101,0.750413
28/07/2007 8:00,0,1.1,180,82,15.6,263,0.778138
28/07/2007 9:00,0,1.5,180,73,16.9,497,0.778138
28/07/2007 10:00,0,1.2,180,73,17.2,213,0.446909
28/07/2007 11:00,0,1.1,225,64,18.7,452,0.446909
28/07/2007 12:00,0,1.6,135,63,19.2,453,0.446909
28/07/2007 13:00,0,1.7,90,58,20,584,0.722315
28/07/2007 14:00,0,2.2,111.5,55,20.5,718,0.722315
28/07/2007 15:00,0,1.9,111.5,59,19.8,431,0.518338
28/07/2007 16:00,0,2.1,90,61,19.5,406,0.518338
28/07/2007 17:00,0,1.6,157.5,70,18.5,206,0.518338
28/07/2007 18:00,0,1.6,135,78,17.2,134,0.518338
28/07/2007 19:00,0,1.4,90,86,15.9,40,0.538752
28/07/2007 20:00,1,1.4,337.5,90,14.8,0,0.559166
28/07/2007 21:00,0,1.5,0,87,14.2,0,0.579579
28/07/2007 22:00,0,1.5,337.5,82,13.6,0,0.599993
28/07/2007 23:00,0,1.3,0,82,13.1,0,0.620407
29/07/2007 0:00,0,1.1,315,81,12.9,0,0.640821
29/07/2007 1:00,0,1.3,315,75,13.2,0,0.661235
29/07/2007 2:00,0,1.1,45,77,12.6,0,0.681648
29/07/2007 3:00,0,1.2,0,78,12.4,0,0.702062
29/07/2007 4:00,0,1,315,78,12,0,0.722476
29/07/2007 5:00,0,1.3,337.5,79,11.7,0,0.74289
29/07/2007 6:00,0,1.2,315,77,12.1,28,0.763304
29/07/2007 7:00,0,1.2,225,76,13.7,145,0.783717
29/07/2007 8:00,0,1.7,22.5,60,16,350,0.804131
29/07/2007 9:00,0,1.5,135,59,16.7,404,0.804131
29/07/2007 10:00,0,2,111.5,62,16.7,411,0.564507
29/07/2007 11:00,0,2,111.5,64,16.4,317,0.564507
29/07/2007 12:00,0,2.4,90,63,16.8,673,0.564507
29/07/2007 13:00,0,2.4,90,62,16.8,500,0.571157
29/07/2007 14:00,0,2.1,111.5,62,17.3,532,0.571157
29/07/2007 15:00,0,2,111.5,64,16.9,436,0.357771
29/07/2007 16:00,1.8,2,90,78,15.7,180,0.357771
29/07/2007 17:00,2,1.8,111.5,94,14.3,129,0.357771
29/07/2007 18:00,0.2,1.3,90,91,13.9,52,0.357771
29/07/2007 19:00,0,1.2,45,96,13.6,14,0.390081
29/07/2007 20:00,0,1,45,97,13.1,0,0.422391
29/07/2007 21:00,0,1.3,337.5,99,12.9,0,0.454701
29/07/2007 22:00,0,1.2,0,93,12.6,0,0.487012
29/07/2007 23:00,0,1.7,0,86,11.2,0,0.519322
30/07/2007 0:00,0,1.7,0,85,11.6,0,0.551632
30/07/2007 1:00,0,1.6,0,87,10.8,0,0.583942
30/07/2007 2:00,0,1.1,45,89,10.3,0,0.616252
30/07/2007 3:00,0,1.5,67.5,91,9.7,0,0.648563
30/07/2007 4:00,0,1.2,315,92,10.1,0,0.680873
30/07/2007 5:00,0,1,337.5,92,10.3,0,0.713183
30/07/2007 6:00,2,1.5,292.5,90,11,0,0.745493
30/07/2007 7:00,1.8,1.6,45,89,11.1,120,0.777804
30/07/2007 8:00,0,2.5,337.5,76,12.1,396,0.810114
30/07/2007 9:00,0,1.9,90,71,12.1,352,0.810114
30/07/2007 10:00,0,1.9,337.5,59,14.3,753,0.865684
30/07/2007 11:00,0,2.1,22.5,51,15,621,0.865684
30/07/2007 12:00,0,2.5,0,47,14.9,786,0.865684
30/07/2007 13:00,0,2.5,180,44,15.3,997,1
30/07/2007 14:00,0,3.3,45,40,15.4,922,1
30/07/2007 15:00,0,2.9,45,42,13.9,411,0.391158
30/07/2007 16:00,0,2.8,0,43,13.2,261,0.391158
30/07/2007 17:00,0,2.1,315,44,12.5,146,0.391158
30/07/2007 18:00,0,1.3,337.5,46,12,99,0.391158
30/07/2007 19:00,0,1.1,270,47,11.1,49,0.407322
30/07/2007 20:00,0,1,0,51,9.3,5,0.423486
30/07/2007 21:00,0,0.8,22.5,55,7.8,0,0.43965
30/07/2007 22:00,0,0.4,337.5,60,6.3,0,0.455814
30/07/2007 23:00,0,0.4,22.5,62,5.8,0,0.471978
31/07/2007 0:00,0,0.5,337.5,63,5.4,0,0.488142
31/07/2007 1:00,0,0.5,22.5,65,4.9,0,0.504306
31/07/2007 2:00,0,0.3,90,67,4.4,0,0.52047
31/07/2007 3:00,0,0.2,0,68,4,0,0.536634
31/07/2007 4:00,0,0.4,337.5,69,3.8,0,0.552798
31/07/2007 5:00,0,0.3,315,69,3.4,0,0.568962
31/07/2007 6:00,0,0.3,315,69,3.7,28,0.585126
31/07/2007 7:00,0,0,22.5,68,5.3,117,0.60129
31/07/2007 8:00,0,0.7,45,56,7.1,169,0.617454
31/07/2007 9:00,0,1.9,0,46,8.4,465,0.617454
31/07/2007 10:00,0,1.8,337.5,42,10.2,657,0.965282
31/07/2007 11:00,0,2,0,37,12.2,891,0.965282
31/07/2007 12:00,0,1.9,337.5,33,14.1,968,0.965282
31/07/2007 13:00,0,2.1,90,27,15.6,988,1
31/07/2007 14:00,0,2.4,90,20,16.2,966,1
31/07/2007 15:00,0,2,90,22,16.4,879,1
31/07/2007 16:00,0,1.6,67.5,22,16.8,706,1
31/07/2007 17:00,0,1.9,337.5,25,16.1,565,1
31/07/2007 18:00,0,1.3,315,38,13.9,145,1
31/07/2007 19:00,0,1.3,67.5,67,11.6,35,0.98971
31/07/2007 20:00,0,0.9,22.5,76,9.5,5,0.97942
31/07/2007 21:00,0,0.4,22.5,84,7.9,0,0.969131
31/07/2007 22:00,0,0.1,22.5,88,7.1,0,0.958841
31/07/2007 23:00,0,0.1,0,90,6.7,0,0.948551
01/08/2007 0:00,0,0.1,22.5,91,6.5,0,0.938261
01/08/2007 1:00,0,0.2,0,91,6.2,0,0.927972
01/08/2007 2:00,0,0,22.5,93,5.6,0,0.917682
01/08/2007 3:00,0,0,0,93,5.4,0,0.907392
01/08/2007 4:00,0,0,22.5,94,5.2,0,0.897102
01/08/2007 5:00,0,0.1,22.5,94,5,0,0.886812
01/08/2007 6:00,0,0.3,315,93,5.4,16,0.876523
01/08/2007 7:00,0,0.4,22.5,84,7.3,164,0.866233
01/08/2007 8:00,0,0.4,0,74,9.4,274,0.855943
01/08/2007 9:00,0,1.1,111.5,54,12.3,607,0.855943
01/08/2007 10:00,0,1.6,202.5,50,13.7,751,1
01/08/2007 11:00,0,1.9,292.5,48,15.3,866,1
01/08/2007 12:00,0,2.3,111.5,44,16.4,947,1
01/08/2007 13:00,0,2.5,111.5,41,17.3,964,1
01/08/2007 14:00,0,2.4,111.5,40,18.3,927,1
01/08/2007 15:00,0,2.4,111.5,40,18.8,842,1
01/08/2007 16:00,0,2.7,111.5,43,18.4,710,1
01/08/2007 17:00,0,2.6,111.5,46,17.6,539,1
01/08/2007 18:00,0,2,111.5,53,16.3,265,1
01/08/2007 19:00,0,0.7,45,67,13.3,17,0.99864
01/08/2007 20:00,0,0.6,22.5,77,11.4,2,0.997281
01/08/2007 21:00,0,0.1,22.5,81,10,0,0.995921
01/08/2007 22:00,0,0.2,22.5,85,9.2,0,0.994561
01/08/2007 23:00,0,0.2,0,86,8.9,0,0.993201
02/08/2007 0:00,0,0.2,0,89,8.5,0,0.991842
02/08/2007 1:00,0,0.4,337.5,90,8,0,0.990482
02/08/2007 2:00,0,0,337.5,90,8.3,0,0.989122
02/08/2007 3:00,0,0.3,292.5,83,9.4,0,0.987762
02/08/2007 4:00,0,0.7,270,78,9.7,0,0.986403
02/08/2007 5:00,0,1.2,247.5,78,9.9,0,0.985043
02/08/2007 6:00,0,1.3,315,75,10.6,21,0.983683
02/08/2007 7:00,0,2.1,22.5,66,12.6,169,0.982323
02/08/2007 8:00,0,2.5,337.5,58,14.9,364,0.980964
02/08/2007 9:00,0,1.9,111.5,57,15.8,547,0.979604
02/08/2007 10:00,0,1.8,111.5,53,16.9,701,0.979604
02/08/2007 11:00,0,1.8,111.5,49,17.7,790,0.962555
02/08/2007 12:00,0,2.5,135,44,19.4,880,0.962555
02/08/2007 13:00,0,3,111.5,38,20.7,915,0.982463
02/08/2007 14:00,0,3.6,111.5,39,20.9,859,0.982463
02/08/2007 15:00,0,3.6,90,43,20.2,509,0.513183
02/08/2007 16:00,0,3.2,90,48,19.7,382,0.513183
02/08/2007 17:00,0,4.1,90,58,17.8,159,0.513183
02/08/2007 18:00,0,3.1,90,63,16.5,99,0.513183
02/08/2007 19:00,0,2,90,68,15.5,58,0.489853
02/08/2007 20:00,0,0.6,67.5,78,13.3,3,0.466524
02/08/2007 21:00,0,0.2,45,85,12.2,0,0.443195
02/08/2007 22:00,0,0.3,90,88,12,0,0.419865
02/08/2007 23:00,6,1.8,337.5,89,9.9,0,0.396536
03/08/2007 0:00,0,0.9,315,94,8.7,0,0.373206
03/08/2007 1:00,0,1.3,315,94,8,0,0.349877
03/08/2007 2:00,0,0.9,315,91,8.4,0,0.326547
03/08/2007 3:00,0,1.2,315,89,8.6,0,0.303218
03/08/2007 4:00,0,1.4,90,90,8.6,0,0.279889
03/08/2007 5:00,2.6,0.8,90,93,8.6,0,0.256559
03/08/2007 6:00,6.8,0.2,315,100,8.1,0,0.23323
03/08/2007 7:00,1.8,0.5,0,97,7.9,12,0.2099
03/08/2007 8:00,1.6,0,292.5,97,8.2,54,0.186571
03/08/2007 9:00,0.8,0.4,270,92,8.5,77,0.163241
03/08/2007 10:00,0.6,1.1,90,85,8.9,134,0.163241
03/08/2007 11:00,0,2.3,157.5,81,9.4,225,0.44136
03/08/2007 12:00,0,2.1,180,70,11.2,551,0.44136
03/08/2007 13:00,0,1.7,90,65,12.4,577,0.814197
03/08/2007 14:00,0,2.5,45,54,14.2,1011,0.814197
03/08/2007 15:00,0,2,67.5,55,13.7,392,0.339182
03/08/2007 16:00,0,1.4,315,59,13.3,173,0.339182
03/08/2007 17:00,0,1.4,90,59,13.2,131,0.339182
03/08/2007 18:00,0,1.3,90,58,13,101,0.339182
03/08/2007 19:00,0,0.7,247.5,68,11,21,0.383196
03/08/2007 20:00,0,1,0,75,9.6,0,0.427211
03/08/2007 21:00,0,0.6,22.5,79,8.6,0,0.471226
03/08/2007 22:00,0,0.6,45,81,7.7,0,0.515241
03/08/2007 23:00,0,0.8,45,82,7.4,0,0.559256
04/08/2007 0:00,0,0.8,315,81,7,0,0.603271
04/08/2007 1:00,0,0.7,315,79,6.9,0,0.647286
04/08/2007 2:00,0,0.3,315,78,6.7,0,0.691301
04/08/2007 3:00,0,0.5,337.5,77,6.5,0,0.735316
04/08/2007 4:00,0,0.5,337.5,76,6.1,0,0.779331
04/08/2007 5:00,0,0.5,315,73,6.6,0,0.823346
04/08/2007 6:00,0,0.6,315,72,7,10,0.867361
04/08/2007 7:00,0,1.1,0,66,8.7,159,0.911376
04/08/2007 8:00,0,0.8,337.5,53,12.3,394,0.95539
04/08/2007 9:00,0,1,315,46,13.6,560,0.999405
04/08/2007 10:00,0,1.5,45,44,14.7,734,0.999405
04/08/2007 11:00,0,1.9,315,42,15.7,847,1
04/08/2007 12:00,0,2.1,315,39,16.8,950,1
04/08/2007 13:00,0,2,0,34,17.8,961,1
04/08/2007 14:00,0,1.9,22.5,34,18.6,931,1
04/08/2007 15:00,0,2.1,315,35,18.8,854,1
04/08/2007 16:00,0,2.5,67.5,32,18.9,711,1
04/08/2007 17:00,0,1.8,0,33,18.2,521,1
04/08/2007 18:00,0,1.5,157.5,36,16.9,249,1
04/08/2007 19:00,0,1.4,0,48,14.2,17,1
04/08/2007 20:00,0,1,0,54,12.4,2,1
04/08/2007 21:00,0,0.8,22.5,58,11.4,0,1
04/08/2007 22:00,0,0.7,315,59,11,0,1
04/08/2007 23:00,0,0.5,315,59,10.8,0,1
05/08/2007 0:00,0,0.8,315,61,10.2,0,1
05/08/2007 1:00,0,0.8,315,64,9.7,0,1
05/08/2007 2:00,0,0.8,315,63,9.7,0,1
05/08/2007 3:00,0,0.3,315,64,9.6,0,1
05/08/2007 4:00,0,0.6,292.5,64,9.4,0,1
05/08/2007 5:00,0,0.4,315,65,9.1,0,1
05/08/2007 6:00,0,0.4,337.5,67,8.8,9,1
05/08/2007 7:00,0,1.2,0,57,11.2,176,1
05/08/2007 8:00,0,1.3,337.5,46,14.1,394,1
05/08/2007 9:00,0,1.2,90,42,15.9,582,1
05/08/2007 10:00,0,1.4,157.5,41,17.3,741,1
05/08/2007 11:00,0,1.6,135,31,18.4,863,1
05/08/2007 12:00,0,1.5,45,27,19.6,940,1
05/08/2007 13:00,0,1.8,0,23,20.4,962,1
05/08/2007 14:00,0,1.9,202.5,21,21.6,933,1
05/08/2007 15:00,0,1.7,247.5,26,21.9,842,1
05/08/2007 16:00,0,2.2,111.5,34,21.3,708,1
05/08/2007 17:00,0,3,111.5,47,19.4,526,1
05/08/2007 18:00,0,2.3,90,58,17.6,244,1
05/08/2007 19:00,0,2.1,90,74,15.2,19,0.998624
05/08/2007 20:00,0,0.6,67.5,83,13.5,2,0.997248
05/08/2007 21:00,0,0,0,85,13.3,0,0.995872
05/08/2007 22:00,0,0.2,135,87,13.2,0,0.994495
05/08/2007 23:00,0,0.1,135,88,12.8,0,0.993119
06/08/2007 0:00,0,0.1,90,91,12.3,0,0.991743
06/08/2007 1:00,0,0,45,93,11.9,0,0.990367
06/08/2007 2:00,0,0,67.5,94,11.8,0,0.988991
06/08/2007 3:00,0,0,22.5,94,11.6,0,0.987615
06/08/2007 4:00,0,0,67.5,96,11.4,0,0.986239
06/08/2007 5:00,0,0.2,90,96,11.1,0,0.984862
06/08/2007 6:00,0,0.5,337.5,93,10.9,21,0.983486
06/08/2007 7:00,0,0.6,0,82,12.3,160,0.98211
06/08/2007 8:00,0,1.1,22.5,67,14.6,375,0.980734
06/08/2007 9:00,0,1.3,0,58,16.2,525,0.979358
06/08/2007 10:00,0,1.7,180,52,17.8,757,0.979358
06/08/2007 11:00,0,1.9,135,44,18.8,893,1
06/08/2007 12:00,0,2.5,135,43,19.8,961,1
06/08/2007 13:00,0,2.3,135,40,20.6,1011,1
06/08/2007 14:00,0,2.6,111.5,41,20.9,894,1
06/08/2007 15:00,0,2.4,111.5,43,20.8,624,0.557348
06/08/2007 16:00,0,2.5,111.5,48,19.7,343,0.557348
06/08/2007 17:00,0,2.7,90,53,18.7,167,0.557348
06/08/2007 18:00,0,2,67.5,58,17.7,106,0.557348
06/08/2007 19:00,0,2.3,90,60,17,59,0.555336
06/08/2007 20:00,0,1,90,71,15,2,0.553325
06/08/2007 21:00,0,0.2,45,80,13.3,0,0.551314
06/08/2007 22:00,0,0,337.5,82,13.5,0,0.549303
06/08/2007 23:00,0,0.2,67.5,82,13.7,0,0.547291
07/08/2007 0:00,4.6,1,90,89,12.4,0,0.54528
07/08/2007 1:00,2.6,0.3,22.5,98,10.9,0,0.543269
07/08/2007 2:00,0.2,0.3,337.5,100,10.6,0,0.541258
07/08/2007 3:00,0,0.3,0,99,9.9,0,0.539246
07/08/2007 4:00,0,0.6,337.5,98,8.9,0,0.537235
07/08/2007 5:00,0,0.9,315,91,9.4,0,0.535224
07/08/2007 6:00,0,1.5,0,88,9.7,7,0.533212
07/08/2007 7:00,0,1.2,45,82,11.4,136,0.531201
07/08/2007 8:00,0,1.6,337.5,72,13.2,227,0.52919
07/08/2007 9:00,0,0.7,202.5,73,14.2,275,0.527179
07/08/2007 10:00,0,0.8,135,83,14.4,380,0.527179
07/08/2007 11:00,0,1.4,135,76,15.5,547,0.67669
07/08/2007 12:00,0,1.4,135,63,16.3,601,0.67669
07/08/2007 13:00,0,2.1,135,58,17.8,812,0.942089
07/08/2007 14:00,0,2.9,111.5,52,18.9,852,0.942089
07/08/2007 15:00,0,1.9,111.5,57,18.1,246,0.123811
07/08/2007 16:00,7,2.7,315,79,13.7,23,0.123811
07/08/2007 17:00,3.2,1.9,202.5,90,11.6,9,0.123811
07/08/2007 18:00,5.2,1.3,135,98,11.2,0,0.123811
07/08/2007 19:00,4.6,0.1,157.5,100,10.7,0,0.119159
07/08/2007 20:00,0.4,0,337.5,100,10.5,0,0.114507
07/08/2007 21:00,0.2,0.9,337.5,98,10.2,0,0.109854
07/08/2007 22:00,0.8,0.9,292.5,96,10.4,0,0.105202
07/08/2007 23:00,0.2,0.7,315,96,10.2,0,0.10055
08/08/2007 0:00,0,0.9,292.5,94,10.3,0,0.095898
08/08/2007 1:00,0,0.4,292.5,94,10.2,0,0.091245
08/08/2007 2:00,0,0.1,292.5,97,9.8,0,0.086593
08/08/2007 3:00,0,0,315,98,9.7,0,0.081941
08/08/2007 4:00,0.6,0.3,337.5,98,9.8,0,0.077289
08/08/2007 5:00,0.4,0.1,0,100,9.7,0,0.072637
08/08/2007 6:00,0.2,0.2,315,99,9.8,0,0.067984
08/08/2007 7:00,6.2,0.1,90,100,9.9,0,0.063332
08/08/2007 8:00,2,0,67.5,100,10,5,0.05868
08/08/2007 9:00,0.2,0.1,90,100,10.2,31,0.054028
08/08/2007 10:00,0,0.3,135,100,10.2,35,0.054028
08/08/2007 11:00,2.2,0.5,135,100,10.3,56,0.113056
08/08/2007 12:00,2.2,0.2,0,100,10.7,138,0.113056
08/08/2007 13:00,1,1.4,111.5,95,11.8,485,0.540732
08/08/2007 14:00,0,1.2,135,87,12.6,464,0.540732
08/08/2007 15:00,0,1.4,135,79,13.7,591,0.562851
08/08/2007 16:00,0,1.5,135,85,13.3,282,0.562851
08/08/2007 17:00,0,1,157.5,86,13.5,227,0.562851
08/08/2007 18:00,0,1.6,90,88,12.9,66,0.562851
08/08/2007 19:00,3.4,2,90,97,11.9,5,0.577313
08/08/2007 20:00,3,0.9,111.5,100,11.4,0,0.591775
08/08/2007 21:00,4,0.3,225,99,10.5,0,0.606237
08/08/2007 22:00,2.4,0.2,292.5,100,10.4,0,0.620699
08/08/2007 23:00,5.6,0.3,0,99,10.1,0,0.63516
09/08/2007 0:00,2.6,0.3,67.5,100,9.8,0,0.649622
09/08/2007 1:00,0.6,0.6,67.5,100,9.9,0,0.664084
09/08/2007 2:00,3,1.4,90,99,10,0,0.678546
09/08/2007 3:00,0.8,1.6,90,100,9.9,0,0.693008
09/08/2007 4:00,3,1.1,67.5,99,9.8,0,0.70747
09/08/2007 5:00,3.6,0.3,111.5,99,9.2,0,0.721932
09/08/2007 6:00,0,1,337.5,95,8.6,2,0.736393
09/08/2007 7:00,0,1.9,0,92,8.7,65,0.750855
09/08/2007 8:00,0,2.3,22.5,80,10.4,403,0.765317
09/08/2007 9:00,0,2,111.5,72,12.7,649,0.779779
09/08/2007 10:00,0,2.6,90,72,12.4,389,0.779779
09/08/2007 11:00,0,2.7,180,62,14.1,894,0.80496
09/08/2007 12:00,0,2.4,111.5,55,13.3,542,0.80496
09/08/2007 13:00,0,2.4,90,49,14.5,772,0.765749
09/08/2007 14:00,0,3.2,111.5,45,14.1,593,0.765749
09/08/2007 15:00,0,2.7,90,49,13.3,568,0.642005
09/08/2007 16:00,0,2,135,48,12.9,513,0.642005
09/08/2007 17:00,0,2.1,202.5,64,10.9,194,0.642005
09/08/2007 18:00,0.2,1.7,22.5,76,9.2,58,0.642005
09/08/2007 19:00,0,0.9,337.5,80,7.8,14,0.634453
09/08/2007 20:00,0,0.4,22.5,83,6.9,0,0.626901
09/08/2007 21:00,0,0.8,0,81,7.5,0,0.619349
09/08/2007 22:00,0,0.7,270,79,7.5,0,0.611797
09/08/2007 23:00,0,0.7,292.5,80,7.6,0,0.604246
10/08/2007 0:00,0,0.6,292.5,79,8.2,0,0.596694
10/08/2007 1:00,0,0.9,337.5,81,8.2,0,0.589142
10/08/2007 2:00,0,0.6,315,84,7.8,0,0.58159
10/08/2007 3:00,0,0.9,67.5,83,8.6,0,0.574039
10/08/2007 4:00,0,0.9,292.5,83,8.5,0,0.566487
10/08/2007 5:00,0,0.8,315,83,8.4,0,0.558935
10/08/2007 6:00,0,1,67.5,82,8.9,19,0.551383
10/08/2007 7:00,0,2,315,78,9.7,82,0.543831
10/08/2007 8:00,0,1.3,0,75,10.5,113,0.53628
10/08/2007 9:00,0,2,337.5,72,11.5,195,0.528728
10/08/2007 10:00,0,1.3,67.5,58,13.9,483,0.528728
10/08/2007 11:00,0,1,247.5,54,14.4,321,0.417417
10/08/2007 12:00,0,1.1,315,52,14.7,390,0.417417
10/08/2007 13:00,0,1.3,225,50,15.5,520,0.568485
10/08/2007 14:00,0,1.1,337.5,47,15.5,485,0.568485
10/08/2007 15:00,0,1.3,292.5,57,14,260,0.395672
10/08/2007 16:00,0.2,1.3,315,61,14,195,0.395672
10/08/2007 17:00,0.4,1,337.5,74,12.9,255,0.395672
10/08/2007 18:00,0,1.3,202.5,63,13.8,187,0.395672
10/08/2007 19:00,0,1.2,270,65,12.8,33,0.427323
10/08/2007 20:00,0,0.6,0,67,12.1,2,0.458975
10/08/2007 21:00,0,1,22.5,66,12,0,0.490626
10/08/2007 22:00,0,1.1,90,65,11.4,0,0.522277
10/08/2007 23:00,0,1,315,71,9.9,0,0.553929
11/08/2007 0:00,0,0.3,22.5,75,9.2,0,0.58558
11/08/2007 1:00,0,0.9,45,75,9.2,0,0.617232
11/08/2007 2:00,0,0.3,315,76,8.9,0,0.648883
11/08/2007 3:00,0,0.4,315,76,9.1,0,0.680534
11/08/2007 4:00,0,0.5,0,77,8.7,0,0.712186
11/08/2007 5:00,0,0.6,22.5,77,7.9,0,0.743837
11/08/2007 6:00,0,0.3,315,78,8,10,0.775489
11/08/2007 7:00,0,0.7,22.5,67,10.5,187,0.80714
11/08/2007 8:00,0,1.1,22.5,55,13,370,0.838791
11/08/2007 9:00,0,1.6,135,51,14.5,533,0.870443
11/08/2007 10:00,0,1.9,292.5,48,14.9,521,0.870443
11/08/2007 11:00,0,2.2,22.5,45,16.5,847,0.95946
11/08/2007 12:00,0,2,0,45,16.9,811,0.95946
11/08/2007 13:00,0,2.2,315,50,16.9,549,0.595565
11/08/2007 14:00,0,2,90,51,16.5,497,0.595565
11/08/2007 15:00,0,1.9,337.5,52,16.2,361,0.501758
11/08/2007 16:00,0,1.4,67.5,50,15.8,319,0.501758
11/08/2007 17:00,0,1,45,54,16,249,0.501758
11/08/2007 18:00,0,0.8,292.5,59,15.1,120,0.501758
11/08/2007 19:00,0,0.2,315,62,13.9,42,0.534974
11/08/2007 20:00,0,0.3,22.5,67,13.1,2,0.56819
11/08/2007 21:00,0,0.2,22.5,73,12,0,0.601406
11/08/2007 22:00,0,0.4,315,77,11.1,0,0.634623
11/08/2007 23:00,0,0.1,270,78,10.7,0,0.667839
12/08/2007 0:00,0,0.4,270,77,10.3,0,0.701055
12/08/2007 1:00,0,0.6,292.5,75,10.2,0,0.734271
12/08/2007 2:00,0,0.6,292.5,76,9.5,0,0.767487
12/08/2007 3:00,0,0.3,337.5,76,9.3,0,0.800703
12/08/2007 4:00,0,0.9,315,73,9.3,0,0.833919
12/08/2007 5:00,0,0.9,315,71,9.4,0,0.867135
12/08/2007 6:00,0,0.6,315,71,9.3,7,0.900352
12/08/2007 7:00,0,1.1,337.5,62,11.5,157,0.933568
12/08/2007 8:00,0,1.2,0,56,13.8,366,0.966784
12/08/2007 9:00,0,1.6,22.5,50,15.3,553,1
12/08/2007 10:00,0,1.4,22.5,43,16.8,720,1
12/08/2007 11:00,0,1.3,315,42,18.1,873,0.980981
12/08/2007 12:00,0,1.5,0,42,18.2,846,0.980981
12/08/2007 13:00,0,1,157.5,40,18.4,586,0.607503
12/08/2007 14:00,0,1.8,111.5,45,18.2,481,0.607503
12/08/2007 15:00,0,2.2,111.5,47,18.4,621,0.734715
12/08/2007 16:00,0,2.1,90,57,17.8,357,0.734715
12/08/2007 17:00,0,2,90,59,17.9,377,0.734715
12/08/2007 18:00,0,2.3,90,65,16.8,263,0.734715
12/08/2007 19:00,0,2.3,67.5,78,15,35,0.751998
12/08/2007 20:00,0,0.9,111.5,85,14.2,0,0.769281
12/08/2007 21:00,0,0.4,135,90,13.4,0,0.786564
12/08/2007 22:00,0,0.4,67.5,95,13,0,0.803847
12/08/2007 23:00,0.2,0.2,111.5,97,12.8,0,0.82113
13/08/2007 0:00,1.2,0.4,90,95,12.4,0,0.838413
13/08/2007 1:00,3.4,2.7,247.5,85,11,0,0.855696
13/08/2007 2:00,7,1,315,99,9.6,0,0.872979
13/08/2007 3:00,0.8,0.7,0,100,9.4,0,0.890262
13/08/2007 4:00,0,0.4,315,99,8.5,0,0.907545
13/08/2007 5:00,0,0.2,315,97,7.7,0,0.924828
13/08/2007 6:00,0,0.3,337.5,97,8.1,3,0.942111
13/08/2007 7:00,0,0,292.5,96,9.3,71,0.959394
13/08/2007 8:00,0,0,90,79,12.3,319,0.976677
13/08/2007 9:00,0,1.4,135,81,13.3,558,0.99396
13/08/2007 10:00,0,1.9,111.5,75,14.8,671,0.99396
13/08/2007 11:00,0,1.6,135,70,14.7,432,0.770474
13/08/2007 12:00,0,2.1,135,65,16.5,891,0.770474
13/08/2007 13:00,0,1.6,135,65,16.6,626,0.582846
13/08/2007 14:00,0,1.5,135,65,16,387,0.582846
13/08/2007 15:00,2,0.8,0,78,14.5,89,0.097858
13/08/2007 16:00,3.6,0.6,67.5,96,12.4,58,0.097858
13/08/2007 17:00,2,0.6,111.5,97,11.6,37,0.097858
13/08/2007 18:00,0.4,0.2,22.5,96,11.9,98,0.097858
13/08/2007 19:00,0,0,90,97,11.9,28,0.121314
13/08/2007 20:00,0,0,67.5,98,11.2,0,0.14477
13/08/2007 21:00,0,0.4,0,98,10.3,0,0.168225
13/08/2007 22:00,0,0.3,337.5,98,9.9,0,0.191681
13/08/2007 23:00,0,0.1,0,97,9.8,0,0.215137
14/08/2007 0:00,0,0,315,96,10,0,0.238593
14/08/2007 1:00,0,0.1,0,97,9.8,0,0.262049
14/08/2007 2:00,0,0.1,22.5,95,9.6,0,0.285505
14/08/2007 3:00,0,0.3,0,93,9.5,0,0.308961
14/08/2007 4:00,0,0.4,292.5,93,9.7,0,0.332417
14/08/2007 5:00,0,0,67.5,94,9.3,0,0.355873
14/08/2007 6:00,0,0.1,270,95,9.9,17,0.379329
14/08/2007 7:00,0,0,315,93,11.5,105,0.402785
14/08/2007 8:00,0,0.4,135,82,13.5,279,0.426241
14/08/2007 9:00,0,0.8,111.5,87,12.8,221,0.449697
14/08/2007 10:00,0,0.8,135,81,13.4,321,0.449697
14/08/2007 11:00,0,0.4,157.5,73,14.7,460,0.520312
14/08/2007 12:00,0,2.2,111.5,72,14.9,399,0.520312
14/08/2007 13:00,0.2,2.2,111.5,88,13.5,234,0.395455
14/08/2007 14:00,0,1.5,135,88,14.2,439,0.395455
14/08/2007 15:00,0,1,135,81,14.7,251,0.670313
14/08/2007 16:00,0.2,0.4,0,74,15.5,429,0.670313
14/08/2007 17:00,0,1.7,111.5,76,15.5,439,0.670313
14/08/2007 18:00,0,0.6,111.5,87,14.2,98,0.670313
14/08/2007 19:00,0,0,337.5,90,13.3,37,0.666792
14/08/2007 20:00,0,0.3,0,94,12.2,0,0.663272
14/08/2007 21:00,0,0.1,45,95,11.6,0,0.659751
14/08/2007 22:00,0,0.2,22.5,95,10.6,0,0.656231
14/08/2007 23:00,0,0.3,315,93,10.8,0,0.65271
15/08/2007 0:00,0,0.5,315,91,11.1,0,0.64919
15/08/2007 1:00,0,0.3,315,90,10.6,0,0.645669
15/08/2007 2:00,0,0.2,315,91,10.8,0,0.642149
15/08/2007 3:00,0,0,292.5,92,10.5,0,0.638628
15/08/2007 4:00,0,0.6,292.5,89,10.7,0,0.635108
15/08/2007 5:00,0,0.7,292.5,87,10.9,0,0.631587
15/08/2007 6:00,0,0.9,292.5,86,11.5,5,0.628067
15/08/2007 7:00,0,0.8,0,77,13.1,136,0.624546
15/08/2007 8:00,0,0.1,157.5,69,15.2,363,0.621026
15/08/2007 9:00,0,0.9,157.5,68,16.2,300,0.617505
15/08/2007 10:00,0,1.5,135,66,17.3,441,0.617505
15/08/2007 11:00,0,1.6,135,57,18.2,643,0.7706
15/08/2007 12:00,0,1.8,135,55,19,629,0.7706
15/08/2007 13:00,0,1,135,58,18.3,209,0.315006
15/08/2007 14:00,0,0.6,0,54,19.2,329,0.315006
15/08/2007 15:00,0,1.2,111.5,52,19.7,333,0.476564
15/08/2007 16:00,0,1.6,67.5,53,19.6,288,0.476564
15/08/2007 17:00,0,0.8,90,55,19.4,230,0.476564
15/08/2007 18:00,0,0.5,337.5,64,17.8,106,0.476564
15/08/2007 19:00,0,0.2,45,73,15.6,17,0.506058
15/08/2007 20:00,0,0.3,0,79,14.3,0,0.535553
15/08/2007 21:00,0,0,22.5,84,13.3,0,0.565047
15/08/2007 22:00,0,0.1,22.5,87,12.9,0,0.594542
15/08/2007 23:00,0,0,0,90,12.4,0,0.624037
16/08/2007 0:00,0,0,337.5,93,12.2,0,0.653531
16/08/2007 1:00,0,0,0,94,12,0,0.683026
16/08/2007 2:00,0,0.1,22.5,95,11.8,0,0.71252
16/08/2007 3:00,0,0.2,22.5,95,11.3,0,0.742015
16/08/2007 4:00,0.2,0.3,90,95,11.3,0,0.771509
16/08/2007 5:00,0,0,22.5,94,10.9,0,0.801004
16/08/2007 6:00,0,0.6,0,94,11.4,5,0.830498
16/08/2007 7:00,0,0.2,337.5,85,13.4,117,0.859993
16/08/2007 8:00,0,0.6,111.5,73,16,319,0.889487
16/08/2007 9:00,0,1.6,111.5,70,16.5,495,0.918982
16/08/2007 10:00,0,2.2,135,72,17,584,0.918982
16/08/2007 11:00,0,2.3,111.5,65,18.4,645,0.637001
16/08/2007 12:00,0,2,111.5,66,18.4,387,0.637001
16/08/2007 13:00,0,2.3,90,65,18.6,291,0.353492
16/08/2007 14:00,0,2.5,0,63,19.1,310,0.353492
16/08/2007 15:00,0,2.7,90,61,19.4,424,0.712821
16/08/2007 16:00,0,3,111.5,59,19.9,621,0.712821
16/08/2007 17:00,0,3.1,90,64,18.5,249,0.712821
16/08/2007 18:00,0,2.7,90,71,17.2,63,0.712821
16/08/2007 19:00,0,2,67.5,80,16.1,19,0.70005
16/08/2007 20:00,0,0.2,45,88,14.1,0,0.687278
16/08/2007 21:00,0,0.2,157.5,93,13.3,0,0.674506
16/08/2007 22:00,0,0.2,22.5,95,13.1,0,0.661735
16/08/2007 23:00,0,0.1,111.5,93,12.9,0,0.648963
17/08/2007 0:00,0,0,45,92,12.7,0,0.636192
17/08/2007 1:00,0,0.1,90,93,12.7,0,0.62342
17/08/2007 2:00,0,0.3,90,93,12.7,0,0.610649
17/08/2007 3:00,0,0.5,22.5,94,12.4,0,0.597877
17/08/2007 4:00,0,0.4,22.5,94,11.8,0,0.585105
17/08/2007 5:00,0,0.8,0,95,11.5,0,0.572334
17/08/2007 6:00,0,0.2,0,94,11.4,12,0.559562
17/08/2007 7:00,0,0.3,22.5,94,12.3,47,0.546791
17/08/2007 8:00,0,0.1,22.5,85,13.8,110,0.534019
17/08/2007 9:00,0,1.3,157.5,85,14.5,181,0.521247
17/08/2007 10:00,0,2.9,90,72,15.8,458,0.521247
17/08/2007 11:00,0,3.1,90,78,15.2,377,0.659646
17/08/2007 12:00,0,3.4,90,71,16,715,0.659646
17/08/2007 13:00,0.2,3.8,90,80,14.6,458,0.387583
17/08/2007 14:00,3.2,2.2,90,83,12.7,206,0.387583
17/08/2007 15:00,1.6,2.6,22.5,86,12.2,387,0.44961
17/08/2007 16:00,0.2,2.3,0,78,12.2,265,0.44961
17/08/2007 17:00,0,1.5,315,76,12.4,171,0.44961
17/08/2007 18:00,0,1.5,292.5,69,12.8,159,0.44961
17/08/2007 19:00,0,0.9,315,78,11.9,40,0.457945
17/08/2007 20:00,0,0.9,247.5,86,10.8,0,0.466279
17/08/2007 21:00,0,0.6,225,89,10.2,0,0.474614
17/08/2007 22:00,0,0.6,270,89,9.8,0,0.482948
17/08/2007 23:00,0,0.4,337.5,88,9.6,0,0.491282
18/08/2007 0:00,0,0.7,225,89,9.2,0,0.499617
18/08/2007 1:00,0,0.6,225,89,8.3,0,0.507951
18/08/2007 2:00,0,0.2,315,86,8,0,0.516286
18/08/2007 3:00,0,0.1,315,84,8.2,0,0.52462
18/08/2007 4:00,0,1.1,292.5,81,8.6,0,0.532954
18/08/2007 5:00,0,1.3,90,80,8.6,0,0.541289
18/08/2007 6:00,0,1.4,0,79,9,16,0.549623
18/08/2007 7:00,0,2,45,78,9.7,108,0.557958
18/08/2007 8:00,0,2.7,0,76,10.5,159,0.566292
18/08/2007 9:00,0,1.3,0,73,12.4,342,0.574627
18/08/2007 10:00,0,0.6,180,69,13.7,321,0.574627
18/08/2007 11:00,0,0.4,180,71,14,281,0.398426
18/08/2007 12:00,0,1.6,135,65,14.8,375,0.398426
18/08/2007 13:00,0,2.1,111.5,66,15.1,347,0.333468
18/08/2007 14:00,0,2,111.5,61,15.2,223,0.333468
18/08/2007 15:00,0,2.2,111.5,62,15.1,237,0.337179
18/08/2007 16:00,0,1.7,67.5,65,14.9,195,0.337179
18/08/2007 17:00,0,1.2,90,64,14.6,160,0.337179
18/08/2007 18:00,0,0.7,0,73,13,45,0.337179
18/08/2007 19:00,0,0.1,0,80,12.1,14,0.372027
18/08/2007 20:00,0,0,337.5,84,11.5,0,0.406874
18/08/2007 21:00,0,0,22.5,88,10.8,0,0.441722
18/08/2007 22:00,0,0,90,89,10.8,0,0.47657
18/08/2007 23:00,0.2,0.2,292.5,90,11,0,0.511417
19/08/2007 0:00,0,1.2,337.5,89,11,0,0.546265
19/08/2007 1:00,0,0.7,337.5,87,11,0,0.581113
19/08/2007 2:00,0,0.8,90,85,10.8,0,0.61596
19/08/2007 3:00,0,0.8,270,89,10.4,0,0.650808
19/08/2007 4:00,0,0.9,270,90,9.7,0,0.685656
19/08/2007 5:00,0,0.3,67.5,92,9.1,0,0.720503
19/08/2007 6:00,0,2,0,92,8.9,5,0.755351
19/08/2007 7:00,0,3,337.5,87,9.9,134,0.790198
19/08/2007 8:00,0,4.3,22.5,82,11.2,342,0.825046
19/08/2007 9:00,0,4.5,22.5,80,12.5,589,0.859894
19/08/2007 10:00,0,2,45,68,14.3,478,0.859894
19/08/2007 11:00,0,1.5,135,60,15.9,690,0.581169
19/08/2007 12:00,0,1.4,135,63,15.4,239,0.581169
19/08/2007 13:00,0,1.3,90,64,15.3,249,0.323306
19/08/2007 14:00,0.2,0.8,22.5,74,14.9,296,0.323306
19/08/2007 15:00,0.4,1.5,157.5,75,14.5,284,0.360795
19/08/2007 16:00,0,1.2,135,80,14.3,211,0.360795
19/08/2007 17:00,0,1.4,111.5,80,14.3,145,0.360795
19/08/2007 18:00,0.8,1.5,90,86,13,40,0.360795
19/08/2007 19:00,1.2,2,0,87,11.6,17,0.339529
19/08/2007 20:00,0.2,0.5,0,96,11,0,0.318262
19/08/2007 21:00,0,0,45,98,10.6,0,0.296996
19/08/2007 22:00,0,0,22.5,100,10.4,0,0.275729
19/08/2007 23:00,0,0.1,22.5,98,10.2,0,0.254463
20/08/2007 0:00,0,2.6,0,88,9.7,0,0.233196
20/08/2007 1:00,0.2,1.7,45,88,8.7,0,0.211929
20/08/2007 2:00,1.2,1.7,270,92,8.4,0,0.190663
20/08/2007 3:00,0.6,1.2,292.5,93,8.2,0,0.169396
20/08/2007 4:00,2.4,0.6,0,95,7.6,0,0.14813
20/08/2007 5:00,0.2,0.8,337.5,95,7.4,0,0.126863
20/08/2007 6:00,6.8,0.8,315,98,7.3,0,0.105597
20/08/2007 7:00,7.2,0.2,315,98,6.8,0,0.08433
20/08/2007 8:00,10.8,0.8,337.5,95,5.5,0,0.063064
20/08/2007 9:00,10.6,0.5,315,96,4,0,0.041797
20/08/2007 10:00,6.4,0.9,315,97,2.5,56,0.041797
20/08/2007 11:00,0.6,1.2,45,92,4.9,272,0.493616
20/08/2007 12:00,0,2.2,0,78,7.4,549,0.493616
20/08/2007 13:00,0,2.6,0,80,8.2,417,0.298915
20/08/2007 14:00,0,2.6,337.5,83,7.8,98,0.298915
20/08/2007 15:00,0,1.2,315,83,8.2,82,0.16766
20/08/2007 16:00,1,0.4,337.5,89,8.5,96,0.16766
20/08/2007 17:00,0.6,0,135,93,8.7,98,0.16766
20/08/2007 18:00,0,0.4,111.5,97,8,28,0.16766
20/08/2007 19:00,0.4,0,135,100,7.9,0,0.175237
20/08/2007 20:00,0,0,90,100,7.9,0,0.182814
20/08/2007 21:00,0.2,0,270,100,7.8,0,0.190391
20/08/2007 22:00,0.2,0,90,100,7.7,0,0.197968
20/08/2007 23:00,0,0.2,180,100,7.6,0,0.205545
21/08/2007 0:00,0.4,0,135,100,7.6,0,0.213122
21/08/2007 1:00,2.2,1,90,100,7.2,0,0.2207
21/08/2007 2:00,4.8,1,111.5,98,6.5,0,0.228277
21/08/2007 3:00,0.2,0.4,67.5,100,6,0,0.235854
21/08/2007 4:00,0,0,270,100,5.8,0,0.243431
21/08/2007 5:00,0,0,270,100,5.9,0,0.251008
21/08/2007 6:00,0,0,0,100,5.8,10,0.258585
21/08/2007 7:00,0,0,135,100,6.4,77,0.266162
21/08/2007 8:00,0,0.3,180,89,7.9,211,0.27374
21/08/2007 9:00,0,0.6,135,89,8,197,0.281317
21/08/2007 10:00,0,0.4,111.5,94,7.7,113,0.281317
21/08/2007 11:00,0.2,0.5,135,96,7.9,119,0.204252
21/08/2007 12:00,0.2,1.4,135,94,8.5,216,0.204252
21/08/2007 13:00,0.4,2.3,111.5,90,9,260,0.321052
21/08/2007 14:00,0.2,2.2,111.5,92,9.2,279,0.321052
21/08/2007 15:00,0.2,2.5,90,95,8.9,180,0.150505
21/08/2007 16:00,1.2,2.1,90,96,8.3,77,0.150505
21/08/2007 17:00,2.8,2,67.5,95,7.7,31,0.150505
21/08/2007 18:00,1.6,2.3,90,97,7.4,31,0.150505
21/08/2007 19:00,0.8,0.9,90,96,7.4,10,0.195857
21/08/2007 20:00,0,0.1,90,99,7.2,0,0.241209
21/08/2007 21:00,0.2,0,202.5,100,7.1,0,0.286561
21/08/2007 22:00,0.2,0,157.5,100,7.1,0,0.331913
21/08/2007 23:00,0.2,0.1,135,100,7.1,0,0.377266
22/08/2007 0:00,0,0,292.5,100,7,0,0.422618
22/08/2007 1:00,0.2,0,135,100,6.9,0,0.46797
22/08/2007 2:00,0,0.2,337.5,100,6.2,0,0.513322
22/08/2007 3:00,0,0.6,337.5,98,5.7,0,0.558675
22/08/2007 4:00,0,1.6,337.5,95,5.6,0,0.604027
22/08/2007 5:00,0,1,315,95,5.2,0,0.649379
22/08/2007 6:00,0,0.8,315,92,4.9,3,0.694731
22/08/2007 7:00,0,0.1,315,87,6.8,139,0.740084
22/08/2007 8:00,0,0.1,225,77,9.5,354,0.785436
22/08/2007 9:00,0,0.8,135,78,9.9,448,0.830788
22/08/2007 10:00,0,1.3,157.5,81,10.8,502,0.830788
22/08/2007 11:00,0,2.6,111.5,70,11.6,556,0.61996
22/08/2007 12:00,0,2.7,111.5,64,12,443,0.61996
22/08/2007 13:00,0,2.6,111.5,63,13,659,0.590279
22/08/2007 14:00,0,2.5,111.5,64,12.6,340,0.590279
22/08/2007 15:00,0,2.6,111.5,67,12.4,253,0.333596
22/08/2007 16:00,0,2.3,111.5,69,12.4,211,0.333596
22/08/2007 17:00,0,2.3,90,72,11.8,122,0.333596
22/08/2007 18:00,0,0.8,90,79,11.1,89,0.333596
22/08/2007 19:00,0,0.2,270,85,10.1,9,0.340545
22/08/2007 20:00,0.4,0,45,93,9.4,0,0.347494
22/08/2007 21:00,0.6,0.4,90,98,8.9,0,0.354443
22/08/2007 22:00,1.4,0.5,90,100,8.7,0,0.361392
22/08/2007 23:00,1.4,0.8,111.5,100,8.6,0,0.368341
23/08/2007 0:00,0.2,0.2,0,100,8.6,0,0.37529
23/08/2007 1:00,0.4,0.2,67.5,100,8.5,0,0.38224
23/08/2007 2:00,0.8,0.2,111.5,100,8.3,0,0.389189
23/08/2007 3:00,0.2,0.5,337.5,100,8.2,0,0.396138
23/08/2007 4:00,0,0.2,67.5,100,7.9,0,0.403087
23/08/2007 5:00,0,1,0,99,8,0,0.410036
23/08/2007 6:00,0.2,0.6,337.5,98,7.9,2,0.416985
23/08/2007 7:00,0,0.1,90,96,8.8,99,0.423934
23/08/2007 8:00,0,0.3,135,84,11.7,368,0.430883
23/08/2007 9:00,0,0.9,90,87,11.7,255,0.437833
23/08/2007 10:00,0,0.1,180,84,13,232,0.437833
23/08/2007 11:00,0,1.3,135,86,12.9,336,0.384145
23/08/2007 12:00,0,1.4,202.5,86,13.3,274,0.384145
23/08/2007 13:00,0,1.3,0,86,13.6,209,0.241379
23/08/2007 14:00,0,1.6,135,93,12.9,190,0.241379
23/08/2007 15:00,1,2,90,98,12.6,141,0.130399
23/08/2007 16:00,1.6,1.8,90,92,12.2,45,0.130399
23/08/2007 17:00,2.4,1.6,90,94,10.2,47,0.130399
23/08/2007 18:00,0.2,1,90,94,10.5,51,0.130399
23/08/2007 19:00,0,0.5,337.5,96,9.6,7,0.185601
23/08/2007 20:00,0,0.7,337.5,96,8.4,0,0.240804
23/08/2007 21:00,0,0.4,337.5,96,8,0,0.296007
23/08/2007 22:00,0,0.6,315,94,8.1,0,0.351209
23/08/2007 23:00,0,0,0,96,7.8,0,0.406412
24/08/2007 0:00,0,0.1,315,96,7.3,0,0.461615
24/08/2007 1:00,0,0.2,315,95,7.2,0,0.516817
24/08/2007 2:00,0,0.5,292.5,93,7.4,0,0.57202
24/08/2007 3:00,0,1.2,292.5,91,7.9,0,0.627223
24/08/2007 4:00,0,1.2,315,91,7.8,0,0.682426
24/08/2007 5:00,0,0.6,292.5,91,7.2,0,0.737628
24/08/2007 6:00,0,0.6,315,89,7.7,2,0.792831
24/08/2007 7:00,0,0.9,292.5,80,9.5,119,0.848034
24/08/2007 8:00,0,0.2,225,70,11.7,258,0.903236
24/08/2007 9:00,0,1.3,67.5,63,14.2,452,0.958439
24/08/2007 10:00,0,0.1,157.5,62,15.8,647,0.958439
24/08/2007 11:00,0,1.6,135,56,16.3,748,0.880353
24/08/2007 12:00,0,1.8,135,57,16,657,0.880353
24/08/2007 13:00,0,1.7,135,60,15.1,390,0.42432
24/08/2007 14:00,0,0.4,135,58,15.4,316,0.42432
24/08/2007 15:00,0,1.1,111.5,62,15.2,417,0.603058
24/08/2007 16:00,0,0.6,135,58,15.3,338,0.603058
24/08/2007 17:00,0,0.1,270,58,15.6,260,0.603058
24/08/2007 18:00,0,0.5,337.5,69,13.7,122,0.603058
24/08/2007 19:00,0,0.7,337.5,73,11.5,12,0.606549
24/08/2007 20:00,0,0.6,0,70,10.4,0,0.61004
24/08/2007 21:00,0,0.4,337.5,70,10.1,0,0.613531
24/08/2007 22:00,0,0.4,67.5,68,9.7,0,0.617022
24/08/2007 23:00,0,0.3,292.5,65,10.6,0,0.620513
25/08/2007 0:00,0,0.6,292.5,64,11,0,0.624004
25/08/2007 1:00,0,0.4,315,72,10.9,0,0.627495
25/08/2007 2:00,0,0.2,0,74,10.6,0,0.630986
25/08/2007 3:00,0,0.6,315,69,11.5,0,0.634476
25/08/2007 4:00,0,0.9,292.5,66,12.3,0,0.637967
25/08/2007 5:00,0,1.5,315,63,12.1,0,0.641458
25/08/2007 6:00,0,1,292.5,64,12,7,0.644949
25/08/2007 7:00,0,0.8,202.5,57,13.1,106,0.64844
25/08/2007 8:00,0,0.6,270,62,14.4,261,0.651931
25/08/2007 9:00,0,1,270,55,15.8,314,0.655422
25/08/2007 10:00,0,0.1,180,47,17.5,434,0.655422
25/08/2007 11:00,0,1.1,111.5,39,18.2,570,0.817513
25/08/2007 12:00,0,1.2,135,37,19.4,750,0.817513
25/08/2007 13:00,0,2,111.5,38,20,901,1
25/08/2007 14:00,0,2,111.5,39,20.7,865,1
25/08/2007 15:00,0,1.9,111.5,35,21.2,765,1
25/08/2007 16:00,0,1.9,90,37,21.1,626,1
25/08/2007 17:00,0,1.6,90,41,20,441,1
25/08/2007 18:00,0,0.9,337.5,48,18,134,1
25/08/2007 19:00,0,0.5,0,58,15,9,1
25/08/2007 20:00,0,0.3,0,62,13.6,0,1
25/08/2007 21:00,0,0,337.5,64,13.6,0,1
25/08/2007 22:00,0,0.2,337.5,66,13.7,0,1
25/08/2007 23:00,0,0.2,337.5,67,13.5,0,1
26/08/2007 0:00,0,0.4,315,67,13.2,0,1
26/08/2007 1:00,0,0.1,315,68,13,0,1
26/08/2007 2:00,0,0.2,0,70,12.3,0,1
26/08/2007 3:00,0,0.2,225,70,12.1,0,1
26/08/2007 4:00,0,0.5,337.5,70,12,0,1
26/08/2007 5:00,0,0.3,315,72,11.4,0,1
26/08/2007 6:00,0,0.7,337.5,70,11.7,5,1
26/08/2007 7:00,0,0.8,315,63,13.5,134,1
26/08/2007 8:00,0,0.4,337.5,52,16.3,336,1
26/08/2007 9:00,0,0.8,0,41,19.1,526,1
26/08/2007 10:00,0,1.2,0,35,19.7,697,1
26/08/2007 11:00,0,1.4,0,32,19.8,556,0.858609
26/08/2007 12:00,0,2.3,225,31,20.7,832,0.858609
26/08/2007 13:00,0,2.4,225,27,21.3,873,0.817245
26/08/2007 14:00,0,1.5,247.5,29,21.1,514,0.817245
26/08/2007 15:00,0,1.6,22.5,35,21.5,662,0.977323
26/08/2007 16:00,0,1.2,0,31,22.2,610,0.977323
26/08/2007 17:00,0,1.2,315,29,22,431,0.977323
26/08/2007 18:00,0,1.6,0,40,18.8,129,0.977323
26/08/2007 19:00,0,0.5,0,52,15.7,7,0.967973
26/08/2007 20:00,0,0.3,337.5,58,14.1,0,0.958622
26/08/2007 21:00,0,0.3,22.5,61,13.1,0,0.949272
26/08/2007 22:00,0,0.4,315,60,13.7,0,0.939922
26/08/2007 23:00,0,0.4,315,61,13.7,0,0.930572
27/08/2007 0:00,0,0.2,337.5,63,13,0,0.921222
27/08/2007 1:00,0,1,45,63,12.9,0,0.911872
27/08/2007 2:00,0,0.4,337.5,63,13,0,0.902522
27/08/2007 3:00,0,0.3,22.5,65,12.7,0,0.893172
27/08/2007 4:00,0,0,22.5,70,11.5,0,0.883822
27/08/2007 5:00,0,0.6,0,71,11,0,0.874472
27/08/2007 6:00,0,0.2,292.5,71,11.6,7,0.865122
27/08/2007 7:00,0,0,292.5,72,12.1,45,0.855772
27/08/2007 8:00,0,0,337.5,70,14.3,223,0.846421
27/08/2007 9:00,0,0.6,135,59,16,366,0.837071
27/08/2007 10:00,0,1.6,111.5,62,16.8,581,0.837071
27/08/2007 11:00,0,2.2,135,58,18,819,0.90271
27/08/2007 12:00,0,2.1,135,54,18.8,662,0.90271
27/08/2007 13:00,0,2,111.5,56,19,532,0.631332
27/08/2007 14:00,0,2.7,111.5,65,18.5,493,0.631332
27/08/2007 15:00,0,2.4,111.5,68,18.2,413,0.523015
27/08/2007 16:00,0,1.4,111.5,73,17.5,237,0.523015
27/08/2007 17:00,0,1.6,111.5,66,17.8,211,0.523015
27/08/2007 18:00,0,1.7,90,82,16.2,87,0.523015
27/08/2007 19:00,0,0.6,45,90,14.5,14,0.515708
27/08/2007 20:00,0,0.5,0,92,13.1,0,0.508402
27/08/2007 21:00,0,0.3,0,93,12.2,0,0.501095
27/08/2007 22:00,0,0.1,0,94,12.2,0,0.493789
27/08/2007 23:00,0,0,22.5,96,12,0,0.486482
28/08/2007 0:00,0,0.1,337.5,96,11.4,0,0.479176
28/08/2007 1:00,0,0.2,45,92,11.4,0,0.471869
28/08/2007 2:00,0,0.2,292.5,86,11.3,0,0.464563
28/08/2007 3:00,0,0.3,67.5,80,11.9,0,0.457256
28/08/2007 4:00,0,0.7,315,78,12.4,0,0.449949
28/08/2007 5:00,0,1.1,315,80,12.4,0,0.442643
28/08/2007 6:00,0,0.7,315,82,12.5,2,0.435336
28/08/2007 7:00,0,0.6,292.5,80,12.8,65,0.42803
28/08/2007 8:00,0,1.8,0,76,14.6,157,0.420723
28/08/2007 9:00,0,1.4,90,73,15.5,162,0.413417
28/08/2007 10:00,0,1.1,90,60,17.2,307,0.413417
28/08/2007 11:00,0,1.3,22.5,53,18.7,603,0.694987
28/08/2007 12:00,0,2,0,43,19.5,483,0.694987
28/08/2007 13:00,0,2.2,292.5,41,19.9,471,0.657943
28/08/2007 14:00,0,2.6,270,42,20,598,0.657943
28/08/2007 15:00,0,2.4,270,42,19.8,467,0.64945
28/08/2007 16:00,0,2.2,292.5,37,19.8,354,0.64945
28/08/2007 17:00,0,1.9,315,40,19,190,0.64945
28/08/2007 18:00,0.2,2,315,49,17.6,24,0.62734
28/08/2007 19:00,1.2,1.4,0,81,13.1,0,0.605231
28/08/2007 20:00,0.4,1,337.5,87,12.4,0,0.583122
28/08/2007 21:00,0,1.5,315,81,12.1,0,0.561012
28/08/2007 22:00,0,0.7,337.5,86,10.6,0,0.538903
28/08/2007 23:00,0,0.5,315,85,10.5,0,0.516794
29/08/2007 0:00,0,0.6,315,81,11.1,0,0.494684
29/08/2007 1:00,0,1.8,0,80,11.4,0,0.472575
29/08/2007 2:00,0,1.6,270,83,11.4,0,0.450466
29/08/2007 3:00,0,0.9,45,86,11,0,0.428356
29/08/2007 4:00,0,1,292.5,82,11.1,0,0.406247
29/08/2007 5:00,0,0.2,22.5,86,9.8,0,0.384138
29/08/2007 6:00,0,0.1,0,88,9.9,0,0.362028
29/08/2007 7:00,0,0,0,89,10.1,14,0.339919
29/08/2007 8:00,1,1.2,90,94,10.2,28,0.31781
29/08/2007 9:00,1.6,0.6,270,98,10.2,10,0.295701
29/08/2007 10:00,1.6,0.8,337.5,89,12.9,357,0.295701
29/08/2007 11:00,1.8,1,135,90,12.1,105,0.20214
29/08/2007 12:00,7.8,0.9,337.5,96,12.2,213,0.20214
29/08/2007 13:00,0,1,202.5,80,14.4,713,0.80097
29/08/2007 14:00,0,2.1,111.5,84,14.7,574,0.80097
29/08/2007 15:00,0,1.4,135,88,13.9,204,0.246133
29/08/2007 16:00,0.2,1,135,92,13.4,106,0.246133
29/08/2007 17:00,0,0.8,135,97,13.4,89,0.246133
29/08/2007 18:00,0,0.7,135,99,13.2,40,0.245983
29/08/2007 19:00,0,1.4,111.5,100,12.9,9,0.245832
29/08/2007 20:00,0,1.9,90,100,12.7,0,0.245681
29/08/2007 21:00,0,0.4,135,100,12.5,0,0.245531
29/08/2007 22:00,0,0.1,45,100,11.9,0,0.24538
29/08/2007 23:00,0,0.6,337.5,95,11.7,0,0.245229
30/08/2007 0:00,0,0.2,337.5,93,11.6,0,0.245079
30/08/2007 1:00,0,0.6,90,99,10.6,0,0.244928
30/08/2007 2:00,0,0.8,225,98,10.8,0,0.244778
30/08/2007 3:00,0,0,315,97,10.8,0,0.244627
30/08/2007 4:00,0,0,337.5,98,10.8,0,0.244476
30/08/2007 5:00,0,0,292.5,97,10.3,0,0.244326
30/08/2007 6:00,0,1.4,180,96,10.3,0,0.244175
30/08/2007 7:00,0,2,337.5,90,11,61,0.244024
30/08/2007 8:00,0,0.9,270,88,11.7,96,0.243874
30/08/2007 9:00,0,0.1,292.5,82,12.8,159,0.243723
30/08/2007 10:00,0.2,0.4,90,89,12.9,92,0.243723
30/08/2007 11:00,1.2,0.2,315,93,12.4,33,0.032275
30/08/2007 12:00,1.2,0.5,111.5,100,12,16,0.032275
30/08/2007 13:00,0.2,0.8,270,95,12.5,385,0.316378
30/08/2007 14:00,0.6,0.8,0,87,12.9,126,0.316378
30/08/2007 15:00,0.2,0.7,111.5,95,12.6,155,0.373155
30/08/2007 16:00,0,0.3,135,83,13.6,281,0.373155
30/08/2007 17:00,1.2,1.1,111.5,88,12.6,105,0.373155
30/08/2007 18:00,0,2,337.5,84,11.8,77,0.388839
30/08/2007 19:00,0,0.8,315,85,11.1,14,0.404523
30/08/2007 20:00,0,0.4,45,89,10,0,0.420207
30/08/2007 21:00,0,0.8,337.5,89,8.8,0,0.435891
30/08/2007 22:00,0,0.7,337.5,88,8.3,0,0.451575
30/08/2007 23:00,0,0.3,0,87,7.3,0,0.46726
31/08/2007 0:00,0,0.2,90,86,7.2,0,0.482944
31/08/2007 1:00,0,0.8,45,85,7.4,0,0.498628
31/08/2007 2:00,0,0.8,0,79,7.2,0,0.514312
31/08/2007 3:00,0,0.6,315,80,6.5,0,0.529996
31/08/2007 4:00,0,0.2,90,83,6.3,0,0.54568
31/08/2007 5:00,0,0.1,270,84,6.4,0,0.561364
31/08/2007 6:00,0,0.5,90,83,6.3,2,0.577049
31/08/2007 7:00,0,0.6,45,76,7.3,59,0.592733
31/08/2007 8:00,0,2.1,0,66,8.3,171,0.608417
31/08/2007 9:00,0,2.4,0,62,9.8,390,0.624101
31/08/2007 10:00,0,2.3,0,60,10.4,267,0.624101
31/08/2007 11:00,0,1.9,337.5,57,11.8,457,0.691207
31/08/2007 12:00,0,1.3,337.5,38,13.6,635,0.691207
31/08/2007 13:00,0,2.1,292.5,39,14.5,809,0.87286
31/08/2007 14:00,0,1.4,111.5,39,15,612,0.87286
31/08/2007 15:00,0,1.6,45,32,16.4,786,0.923791
31/08/2007 16:00,0,2.1,337.5,39,15.9,465,0.923791
31/08/2007 17:00,0,1.9,315,48,14.4,188,0.923791
31/08/2007 18:00,0,1.4,45,55,12.6,45,0.928554
31/08/2007 19:00,0,0.8,90,60,10.9,5,0.933317
31/08/2007 20:00,0,1.1,292.5,58,10.4,0,0.93808
31/08/2007 21:00,0,0.8,0,63,9.4,0,0.942843
31/08/2007 22:00,0,0.8,45,70,8,0,0.947606
31/08/2007 23:00,0,0.3,0,77,6.9,0,0.952369
01/09/2007 0:00,0,0.5,337.5,74,7.6,0,0.957132
