Date12[DDMMYYYYhhmm],JulianDayFromYear0[days],TimeFromStart[days],Simulation_Period,Run,IDpoint,5.000000 ,20.000000 ,50.000000 ,110.000000 ,200.000000 ,325.000000 ,500.000000 ,700.000000 ,900.000000 ,1100.000000 ,1300.000000 ,1500.000000 ,1700.000000 ,1900.000000 ,2100.000000 ,2300.000000 ,2500.000000 ,2700.000000 ,2900.000000 ,3100.000000 ,3300.000000 ,3500.000000 ,3700.000000 ,3900.000000 ,4100.000000 ,4300.000000 ,4500.000000 ,4700.000000 ,4900.000000 ,5100.000000  
01/06/2000 12:00,730638.500000,0.000000,1,0,1,0.000000,0.000000,0.000000,0.000000,0.000000,0.000000,0.000000,0.000000,0.000000,0.000000,0.000000,0.000000,0.000000,0.000000,0.000000,0.000000,0.000000,0.000000,0.000000,0.000000,0.000000,0.000000,0.000000,0.000000,0.000000,0.000000,0.000000,0.000000,0.000000,0.000000 
01/06/2000 12:01,730638.500694,0.000694,1,0,1,0.366801,0.367050,0.367989,0.369586,0.369996,0.370000,0.370000,0.370000,0.370000,0.370000,0.370000,0.370000,0.370000,0.370000,0.370000,0.370000,0.370000,0.370000,0.370000,0.370000,0.370000,0.370000,0.370000,0.370000,0.370000,0.370000,0.370000,0.370000,0.370000,0.370000 
01/06/2000 12:02,730638.501389,0.001389,1,0,1,0.370000,0.370000,0.370000,0.370000,0.370000,0.370000,0.370000,0.370000,0.370000,0.370000,0.370000,0.370000,0.370000,0.370000,0.370000,0.370000,0.370000,0.370000,0.370000,0.370000,0.370000,0.370000,0.370000,0.370000,0.370000,0.370000,0.370000,0.370000,0.370000,0.370000 
01/06/2000 12:03,730638.502083,0.002083,1,0,1,0.370000,0.370000,0.370000,0.370000,0.370000,0.370000,0.370000,0.370000,0.370000,0.370000,0.370000,0.370000,0.370000,0.370000,0.370000,0.370000,0.370000,0.370000,0.370000,0.370000,0.370000,0.370000,0.370000,0.370000,0.370000,0.370000,0.370000,0.370000,0.370000,0.370000 
01/06/2000 12:04,730638.502778,0.002778,1,0,1,0.370000,0.370000,0.370000,0.370000,0.370000,0.370000,0.370000,0.370000,0.370000,0.370000,0.370000,0.370000,0.370000,0.370000,0.370000,0.370000,0.370000,0.370000,0.370000,0.370000,0.370000,0.370000,0.370000,0.370000,0.370000,0.370000,0.370000,0.370000,0.370000,0.370000 
01/06/2000 12:05,730638.503472,0.003472,1,0,1,0.370000,0.370000,0.370000,0.370000,0.370000,0.370000,0.370000,0.370000,0.370000,0.370000,0.370000,0.370000,0.370000,0.370000,0.370000,0.370000,0.370000,0.370000,0.370000,0.370000,0.370000,0.370000,0.370000,0.370000,0.370000,0.370000,0.370000,0.370000,0.370000,0.370000 
01/06/2000 12:06,730638.504167,0.004167,1,0,1,0.370000,0.370000,0.370000,0.370000,0.370000,0.370000,0.370000,0.370000,0.370000,0.370000,0.370000,0.370000,0.370000,0.370000,0.370000,0.370000,0.370000,0.370000,0.370000,0.370000,0.370000,0.370000,0.370000,0.370000,0.370000,0.370000,0.370000,0.370000,0.370000,0.370000 
01/06/2000 12:07,730638.504861,0.004861,1,0,1,0.370000,0.370000,0.370000,0.370000,0.370000,0.370000,0.370000,0.370000,0.370000,0.370000,0.370000,0.370000,0.370000,0.370000,0.370000,0.370000,0.370000,0.370000,0.370000,0.370000,0.370000,0.370000,0.370000,0.370000,0.370000,0.370000,0.370000,0.370000,0.370000,0.370000 
01/06/2000 12:08,730638.505556,0.005556,1,0,1,0.370000,0.370000,0.370000,0.370000,0.370000,0.370000,0.370000,0.370000,0.370000,0.370000,0.370000,0.370000,0.370000,0.370000,0.370000,0.370000,0.370000,0.370000,0.370000,0.370000,0.370000,0.370000,0.370000,0.370000,0.370000,0.370000,0.370000,0.370000,0.370000,0.370000 
01/06/2000 12:09,730638.506250,0.006250,1,0,1,0.370000,0.370000,0.370000,0.370000,0.370000,0.370000,0.370000,0.370000,0.370000,0.370000,0.370000,0.370000,0.370000,0.370000,0.370000,0.370000,0.370000,0.370000,0.370000,0.370000,0.370000,0.370000,0.370000,0.370000,0.370000,0.370000,0.370000,0.370000,0.370000,0.370000 
01/06/2000 12:10,730638.506944,0.006944,1,0,1,0.370000,0.370000,0.370000,0.370000,0.370000,0.370000,0.370000,0.370000,0.370000,0.370000,0.370000,0.370000,0.370000,0.370000,0.370000,0.370000,0.370000,0.370000,0.370000,0.370000,0.370000,0.370000,0.370000,0.370000,0.370000,0.370000,0.370000,0.370000,0.370000,0.370000 
01/06/2000 12:11,730638.507639,0.007639,1,0,1,0.370000,0.370000,0.370000,0.370000,0.370000,0.370000,0.370000,0.370000,0.370000,0.370000,0.370000,0.370000,0.370000,0.370000,0.370000,0.370000,0.370000,0.370000,0.370000,0.370000,0.370000,0.370000,0.370000,0.370000,0.370000,0.370000,0.370000,0.370000,0.370000,0.370000 
01/06/2000 12:12,730638.508333,0.008333,1,0,1,0.370000,0.370000,0.370000,0.370000,0.370000,0.370000,0.370000,0.370000,0.370000,0.370000,0.370000,0.370000,0.370000,0.370000,0.370000,0.370000,0.370000,0.370000,0.370000,0.370000,0.370000,0.370000,0.370000,0.370000,0.370000,0.370000,0.370000,0.370000,0.370000,0.370000 
01/06/2000 12:13,730638.509028,0.009028,1,0,1,0.370000,0.370000,0.370000,0.370000,0.370000,0.370000,0.370000,0.370000,0.370000,0.370000,0.370000,0.370000,0.370000,0.370000,0.370000,0.370000,0.370000,0.370000,0.370000,0.370000,0.370000,0.370000,0.370000,0.370000,0.370000,0.370000,0.370000,0.370000,0.370000,0.370000 
01/06/2000 12:14,730638.509722,0.009722,1,0,1,0.370000,0.370000,0.370000,0.370000,0.370000,0.370000,0.370000,0.370000,0.370000,0.370000,0.370000,0.370000,0.370000,0.370000,0.370000,0.370000,0.370000,0.370000,0.370000,0.370000,0.370000,0.370000,0.370000,0.370000,0.370000,0.370000,0.370000,0.370000,0.370000,0.370000 
01/06/2000 12:15,730638.510417,0.010417,1,0,1,0.370000,0.370000,0.370000,0.370000,0.370000,0.370000,0.370000,0.370000,0.370000,0.370000,0.370000,0.370000,0.370000,0.370000,0.370000,0.370000,0.370000,0.370000,0.370000,0.370000,0.370000,0.370000,0.370000,0.370000,0.370000,0.370000,0.370000,0.370000,0.370000,0.370000 
01/06/2000 12:16,730638.511111,0.011111,1,0,1,0.370000,0.370000,0.370000,0.370000,0.370000,0.370000,0.370000,0.370000,0.370000,0.370000,0.370000,0.370000,0.370000,0.370000,0.370000,0.370000,0.370000,0.370000,0.370000,0.370000,0.370000,0.370000,0.370000,0.370000,0.370000,0.370000,0.370000,0.370000,0.370000,0.370000 
01/06/2000 12:17,730638.511806,0.011806,1,0,1,0.370000,0.370000,0.370000,0.370000,0.370000,0.370000,0.370000,0.370000,0.370000,0.370000,0.370000,0.370000,0.370000,0.370000,0.370000,0.370000,0.370000,0.370000,0.370000,0.370000,0.370000,0.370000,0.370000,0.370000,0.370000,0.370000,0.370000,0.370000,0.370000,0.370000 
01/06/2000 12:18,730638.512500,0.012500,1,0,1,0.370000,0.370000,0.370000,0.370000,0.370000,0.370000,0.370000,0.370000,0.370000,0.370000,0.370000,0.370000,0.370000,0.370000,0.370000,0.370000,0.370000,0.370000,0.370000,0.370000,0.370000,0.370000,0.370000,0.370000,0.370000,0.370000,0.370000,0.370000,0.370000,0.370000 
01/06/2000 12:19,730638.513194,0.013194,1,0,1,0.370000,0.370000,0.370000,0.370000,0.370000,0.370000,0.370000,0.370000,0.370000,0.370000,0.370000,0.370000,0.370000,0.370000,0.370000,0.370000,0.370000,0.370000,0.370000,0.370000,0.370000,0.370000,0.370000,0.370000,0.370000,0.370000,0.370000,0.370000,0.370000,0.370000 
01/06/2000 12:20,730638.513889,0.013889,1,0,1,0.370000,0.370000,0.370000,0.370000,0.370000,0.370000,0.370000,0.370000,0.370000,0.370000,0.370000,0.370000,0.370000,0.370000,0.370000,0.370000,0.370000,0.370000,0.370000,0.370000,0.370000,0.370000,0.370000,0.370000,0.370000,0.370000,0.370000,0.370000,0.370000,0.370000 
01/06/2000 12:21,730638.514583,0.014583,1,0,1,0.370000,0.370000,0.370000,0.370000,0.370000,0.370000,0.370000,0.370000,0.370000,0.370000,0.370000,0.370000,0.370000,0.370000,0.370000,0.370000,0.370000,0.370000,0.370000,0.370000,0.370000,0.370000,0.370000,0.370000,0.370000,0.370000,0.370000,0.370000,0.370000,0.370000 
01/06/2000 12:22,730638.515278,0.015278,1,0,1,0.370000,0.370000,0.370000,0.370000,0.370000,0.370000,0.370000,0.370000,0.370000,0.370000,0.370000,0.370000,0.370000,0.370000,0.370000,0.370000,0.370000,0.370000,0.370000,0.370000,0.370000,0.370000,0.370000,0.370000,0.370000,0.370000,0.370000,0.370000,0.370000,0.370000 
01/06/2000 12:23,730638.515972,0.015972,1,0,1,0.370000,0.370000,0.370000,0.370000,0.370000,0.370000,0.370000,0.370000,0.370000,0.370000,0.370000,0.370000,0.370000,0.370000,0.370000,0.370000,0.370000,0.370000,0.370000,0.370000,0.370000,0.370000,0.370000,0.370000,0.370000,0.370000,0.370000,0.370000,0.370000,0.370000 
01/06/2000 12:24,730638.516667,0.016667,1,0,1,0.370000,0.370000,0.370000,0.370000,0.370000,0.370000,0.370000,0.370000,0.370000,0.370000,0.370000,0.370000,0.370000,0.370000,0.370000,0.370000,0.370000,0.370000,0.370000,0.370000,0.370000,0.370000,0.370000,0.370000,0.370000,0.370000,0.370000,0.370000,0.370000,0.370000 
01/06/2000 12:25,730638.517361,0.017361,1,0,1,0.370000,0.370000,0.370000,0.370000,0.370000,0.370000,0.370000,0.370000,0.370000,0.370000,0.370000,0.370000,0.370000,0.370000,0.370000,0.370000,0.370000,0.370000,0.370000,0.370000,0.370000,0.370000,0.370000,0.370000,0.370000,0.370000,0.370000,0.370000,0.370000,0.370000 
01/06/2000 12:26,730638.518056,0.018056,1,0,1,0.370000,0.370000,0.370000,0.370000,0.370000,0.370000,0.370000,0.370000,0.370000,0.370000,0.370000,0.370000,0.370000,0.370000,0.370000,0.370000,0.370000,0.370000,0.370000,0.370000,0.370000,0.370000,0.370000,0.370000,0.370000,0.370000,0.370000,0.370000,0.370000,0.370000 
01/06/2000 12:27,730638.518750,0.018750,1,0,1,0.370000,0.370000,0.370000,0.370000,0.370000,0.370000,0.370000,0.370000,0.370000,0.370000,0.370000,0.370000,0.370000,0.370000,0.370000,0.370000,0.370000,0.370000,0.370000,0.370000,0.370000,0.370000,0.370000,0.370000,0.370000,0.370000,0.370000,0.370000,0.370000,0.370000 
01/06/2000 12:28,730638.519444,0.019444,1,0,1,0.370000,0.370000,0.370000,0.370000,0.370000,0.370000,0.370000,0.370000,0.370000,0.370000,0.370000,0.370000,0.370000,0.370000,0.370000,0.370000,0.370000,0.370000,0.370000,0.370000,0.370000,0.370000,0.370000,0.370000,0.370000,0.370000,0.370000,0.370000,0.370000,0.370000 
01/06/2000 12:29,730638.520139,0.020139,1,0,1,0.370000,0.370000,0.370000,0.370000,0.370000,0.370000,0.370000,0.370000,0.370000,0.370000,0.370000,0.370000,0.370000,0.370000,0.370000,0.370000,0.370000,0.370000,0.370000,0.370000,0.370000,0.370000,0.370000,0.370000,0.370000,0.370000,0.370000,0.370000,0.370000,0.370000 
01/06/2000 12:30,730638.520833,0.020833,1,0,1,0.370000,0.370000,0.370000,0.370000,0.370000,0.370000,0.370000,0.370000,0.370000,0.370000,0.370000,0.370000,0.370000,0.370000,0.370000,0.370000,0.370000,0.370000,0.370000,0.370000,0.370000,0.370000,0.370000,0.370000,0.370000,0.370000,0.370000,0.370000,0.370000,0.370000 
01/06/2000 12:31,730638.521528,0.021528,1,0,1,0.370000,0.370000,0.370000,0.370000,0.370000,0.370000,0.370000,0.370000,0.370000,0.370000,0.370000,0.370000,0.370000,0.370000,0.370000,0.370000,0.370000,0.370000,0.370000,0.370000,0.370000,0.370000,0.370000,0.370000,0.370000,0.370000,0.370000,0.370000,0.370000,0.370000 
01/06/2000 12:32,730638.522222,0.022222,1,0,1,0.370000,0.370000,0.370000,0.370000,0.370000,0.370000,0.370000,0.370000,0.370000,0.370000,0.370000,0.370000,0.370000,0.370000,0.370000,0.370000,0.370000,0.370000,0.370000,0.370000,0.370000,0.370000,0.370000,0.370000,0.370000,0.370000,0.370000,0.370000,0.370000,0.370000 
01/06/2000 12:33,730638.522917,0.022917,1,0,1,0.370000,0.370000,0.370000,0.370000,0.370000,0.370000,0.370000,0.370000,0.370000,0.370000,0.370000,0.370000,0.370000,0.370000,0.370000,0.370000,0.370000,0.370000,0.370000,0.370000,0.370000,0.370000,0.370000,0.370000,0.370000,0.370000,0.370000,0.370000,0.370000,0.370000 
01/06/2000 12:34,730638.523611,0.023611,1,0,1,0.370000,0.370000,0.370000,0.370000,0.370000,0.370000,0.370000,0.370000,0.370000,0.370000,0.370000,0.370000,0.370000,0.370000,0.370000,0.370000,0.370000,0.370000,0.370000,0.370000,0.370000,0.370000,0.370000,0.370000,0.370000,0.370000,0.370000,0.370000,0.370000,0.370000 
01/06/2000 12:35,730638.524306,0.024306,1,0,1,0.370000,0.370000,0.370000,0.370000,0.370000,0.370000,0.370000,0.370000,0.370000,0.370000,0.370000,0.370000,0.370000,0.370000,0.370000,0.370000,0.370000,0.370000,0.370000,0.370000,0.370000,0.370000,0.370000,0.370000,0.370000,0.370000,0.370000,0.370000,0.370000,0.370000 
01/06/2000 12:36,730638.525000,0.025000,1,0,1,0.370000,0.370000,0.370000,0.370000,0.370000,0.370000,0.370000,0.370000,0.370000,0.370000,0.370000,0.370000,0.370000,0.370000,0.370000,0.370000,0.370000,0.370000,0.370000,0.370000,0.370000,0.370000,0.370000,0.370000,0.370000,0.370000,0.370000,0.370000,0.370000,0.370000 
01/06/2000 12:37,730638.525694,0.025694,1,0,1,0.370000,0.370000,0.370000,0.370000,0.370000,0.370000,0.370000,0.370000,0.370000,0.370000,0.370000,0.370000,0.370000,0.370000,0.370000,0.370000,0.370000,0.370000,0.370000,0.370000,0.370000,0.370000,0.370000,0.370000,0.370000,0.370000,0.370000,0.370000,0.370000,0.370000 
01/06/2000 12:38,730638.526389,0.026389,1,0,1,0.370000,0.370000,0.370000,0.370000,0.370000,0.370000,0.370000,0.370000,0.370000,0.370000,0.370000,0.370000,0.370000,0.370000,0.370000,0.370000,0.370000,0.370000,0.370000,0.370000,0.370000,0.370000,0.370000,0.370000,0.370000,0.370000,0.370000,0.370000,0.370000,0.370000 
01/06/2000 12:39,730638.527083,0.027083,1,0,1,0.370000,0.370000,0.370000,0.370000,0.370000,0.370000,0.370000,0.370000,0.370000,0.370000,0.370000,0.370000,0.370000,0.370000,0.370000,0.370000,0.370000,0.370000,0.370000,0.370000,0.370000,0.370000,0.370000,0.370000,0.370000,0.370000,0.370000,0.370000,0.370000,0.370000 
01/06/2000 12:40,730638.527778,0.027778,1,0,1,0.370000,0.370000,0.370000,0.370000,0.370000,0.370000,0.370000,0.370000,0.370000,0.370000,0.370000,0.370000,0.370000,0.370000,0.370000,0.370000,0.370000,0.370000,0.370000,0.370000,0.370000,0.370000,0.370000,0.370000,0.370000,0.370000,0.370000,0.370000,0.370000,0.370000 
01/06/2000 12:41,730638.528472,0.028472,1,0,1,0.370000,0.370000,0.370000,0.370000,0.370000,0.370000,0.370000,0.370000,0.370000,0.370000,0.370000,0.370000,0.370000,0.370000,0.370000,0.370000,0.370000,0.370000,0.370000,0.370000,0.370000,0.370000,0.370000,0.370000,0.370000,0.370000,0.370000,0.370000,0.370000,0.370000 
01/06/2000 12:42,730638.529167,0.029167,1,0,1,0.370000,0.370000,0.370000,0.370000,0.370000,0.370000,0.370000,0.370000,0.370000,0.370000,0.370000,0.370000,0.370000,0.370000,0.370000,0.370000,0.370000,0.370000,0.370000,0.370000,0.370000,0.370000,0.370000,0.370000,0.370000,0.370000,0.370000,0.370000,0.370000,0.370000 
01/06/2000 12:43,730638.529861,0.029861,1,0,1,0.370000,0.370000,0.370000,0.370000,0.370000,0.370000,0.370000,0.370000,0.370000,0.370000,0.370000,0.370000,0.370000,0.370000,0.370000,0.370000,0.370000,0.370000,0.370000,0.370000,0.370000,0.370000,0.370000,0.370000,0.370000,0.370000,0.370000,0.370000,0.370000,0.370000 
01/06/2000 12:44,730638.530556,0.030556,1,0,1,0.370000,0.370000,0.370000,0.370000,0.370000,0.370000,0.370000,0.370000,0.370000,0.370000,0.370000,0.370000,0.370000,0.370000,0.370000,0.370000,0.370000,0.370000,0.370000,0.370000,0.370000,0.370000,0.370000,0.370000,0.370000,0.370000,0.370000,0.370000,0.370000,0.370000 
01/06/2000 12:45,730638.531250,0.031250,1,0,1,0.370000,0.370000,0.370000,0.370000,0.370000,0.370000,0.370000,0.370000,0.370000,0.370000,0.370000,0.370000,0.370000,0.370000,0.370000,0.370000,0.370000,0.370000,0.370000,0.370000,0.370000,0.370000,0.370000,0.370000,0.370000,0.370000,0.370000,0.370000,0.370000,0.370000 
01/06/2000 12:46,730638.531944,0.031944,1,0,1,0.370000,0.370000,0.370000,0.370000,0.370000,0.370000,0.370000,0.370000,0.370000,0.370000,0.370000,0.370000,0.370000,0.370000,0.370000,0.370000,0.370000,0.370000,0.370000,0.370000,0.370000,0.370000,0.370000,0.370000,0.370000,0.370000,0.370000,0.370000,0.370000,0.370000 
01/06/2000 12:47,730638.532639,0.032639,1,0,1,0.370000,0.370000,0.370000,0.370000,0.370000,0.370000,0.370000,0.370000,0.370000,0.370000,0.370000,0.370000,0.370000,0.370000,0.370000,0.370000,0.370000,0.370000,0.370000,0.370000,0.370000,0.370000,0.370000,0.370000,0.370000,0.370000,0.370000,0.370000,0.370000,0.370000 
01/06/2000 12:48,730638.533333,0.033333,1,0,1,0.370000,0.370000,0.370000,0.370000,0.370000,0.370000,0.370000,0.370000,0.370000,0.370000,0.370000,0.370000,0.370000,0.370000,0.370000,0.370000,0.370000,0.370000,0.370000,0.370000,0.370000,0.370000,0.370000,0.370000,0.370000,0.370000,0.370000,0.370000,0.370000,0.370000 
01/06/2000 12:49,730638.534028,0.034028,1,0,1,0.370000,0.370000,0.370000,0.370000,0.370000,0.370000,0.370000,0.370000,0.370000,0.370000,0.370000,0.370000,0.370000,0.370000,0.370000,0.370000,0.370000,0.370000,0.370000,0.370000,0.370000,0.370000,0.370000,0.370000,0.370000,0.370000,0.370000,0.370000,0.370000,0.370000 
01/06/2000 12:50,730638.534722,0.034722,1,0,1,0.370000,0.370000,0.370000,0.370000,0.370000,0.370000,0.370000,0.370000,0.370000,0.370000,0.370000,0.370000,0.370000,0.370000,0.370000,0.370000,0.370000,0.370000,0.370000,0.370000,0.370000,0.370000,0.370000,0.370000,0.370000,0.370000,0.370000,0.370000,0.370000,0.370000 
01/06/2000 12:51,730638.535417,0.035417,1,0,1,0.370000,0.370000,0.370000,0.370000,0.370000,0.370000,0.370000,0.370000,0.370000,0.370000,0.370000,0.370000,0.370000,0.370000,0.370000,0.370000,0.370000,0.370000,0.370000,0.370000,0.370000,0.370000,0.370000,0.370000,0.370000,0.370000,0.370000,0.370000,0.370000,0.370000 
01/06/2000 12:52,730638.536111,0.036111,1,0,1,0.369996,0.369999,0.370000,0.370000,0.370000,0.370000,0.370000,0.370000,0.370000,0.370000,0.370000,0.370000,0.370000,0.370000,0.370000,0.370000,0.370000,0.370000,0.370000,0.370000,0.370000,0.370000,0.370000,0.370000,0.370000,0.370000,0.370000,0.370000,0.370000,0.370000 
01/06/2000 12:53,730638.536806,0.036806,1,0,1,0.369987,0.369995,0.370000,0.370000,0.370000,0.370000,0.370000,0.370000,0.370000,0.370000,0.370000,0.370000,0.370000,0.370000,0.370000,0.370000,0.370000,0.370000,0.370000,0.370000,0.370000,0.370000,0.370000,0.370000,0.370000,0.370000,0.370000,0.370000,0.370000,0.370000 
01/06/2000 12:54,730638.537500,0.037500,1,0,1,0.369978,0.369991,0.369999,0.370000,0.370000,0.370000,0.370000,0.370000,0.370000,0.370000,0.370000,0.370000,0.370000,0.370000,0.370000,0.370000,0.370000,0.370000,0.370000,0.370000,0.370000,0.370000,0.370000,0.370000,0.370000,0.370000,0.370000,0.370000,0.370000,0.370000 
01/06/2000 12:55,730638.538194,0.038194,1,0,1,0.369970,0.369987,0.369998,0.370000,0.370000,0.370000,0.370000,0.370000,0.370000,0.370000,0.370000,0.370000,0.370000,0.370000,0.370000,0.370000,0.370000,0.370000,0.370000,0.370000,0.370000,0.370000,0.370000,0.370000,0.370000,0.370000,0.370000,0.370000,0.370000,0.370000 
01/06/2000 12:56,730638.538889,0.038889,1,0,1,0.369963,0.369983,0.369998,0.370000,0.370000,0.370000,0.370000,0.370000,0.370000,0.370000,0.370000,0.370000,0.370000,0.370000,0.370000,0.370000,0.370000,0.370000,0.370000,0.370000,0.370000,0.370000,0.370000,0.370000,0.370000,0.370000,0.370000,0.370000,0.370000,0.370000 
01/06/2000 12:57,730638.539583,0.039583,1,0,1,0.369956,0.369979,0.369997,0.370000,0.370000,0.370000,0.370000,0.370000,0.370000,0.370000,0.370000,0.370000,0.370000,0.370000,0.370000,0.370000,0.370000,0.370000,0.370000,0.370000,0.370000,0.370000,0.370000,0.370000,0.370000,0.370000,0.370000,0.370000,0.370000,0.370000 
01/06/2000 12:58,730638.540278,0.040278,1,0,1,0.369949,0.369976,0.369996,0.370000,0.370000,0.370000,0.370000,0.370000,0.370000,0.370000,0.370000,0.370000,0.370000,0.370000,0.370000,0.370000,0.370000,0.370000,0.370000,0.370000,0.370000,0.370000,0.370000,0.370000,0.370000,0.370000,0.370000,0.370000,0.370000,0.370000 
01/06/2000 12:59,730638.540972,0.040972,1,0,1,0.369942,0.369972,0.369995,0.370000,0.370000,0.370000,0.370000,0.370000,0.370000,0.370000,0.370000,0.370000,0.370000,0.370000,0.370000,0.370000,0.370000,0.370000,0.370000,0.370000,0.370000,0.370000,0.370000,0.370000,0.370000,0.370000,0.370000,0.370000,0.370000,0.370000 
01/06/2000 13:00,730638.541667,0.041667,1,0,1,0.369936,0.369969,0.369995,0.370000,0.370000,0.370000,0.370000,0.370000,0.370000,0.370000,0.370000,0.370000,0.370000,0.370000,0.370000,0.370000,0.370000,0.370000,0.370000,0.370000,0.370000,0.370000,0.370000,0.370000,0.370000,0.370000,0.370000,0.370000,0.370000,0.370000 
01/06/2000 13:01,730638.542361,0.042361,1,0,1,0.369930,0.369965,0.369994,0.370000,0.370000,0.370000,0.370000,0.370000,0.370000,0.370000,0.370000,0.370000,0.370000,0.370000,0.370000,0.370000,0.370000,0.370000,0.370000,0.370000,0.370000,0.370000,0.370000,0.370000,0.370000,0.370000,0.370000,0.370000,0.370000,0.370000 
01/06/2000 13:02,730638.543056,0.043056,1,0,1,0.369923,0.369961,0.369993,0.370000,0.370000,0.370000,0.370000,0.370000,0.370000,0.370000,0.370000,0.370000,0.370000,0.370000,0.370000,0.370000,0.370000,0.370000,0.370000,0.370000,0.370000,0.370000,0.370000,0.370000,0.370000,0.370000,0.370000,0.370000,0.370000,0.370000 
01/06/2000 13:03,730638.543750,0.043750,1,0,1,0.369917,0.369958,0.369992,0.370000,0.370000,0.370000,0.370000,0.370000,0.370000,0.370000,0.370000,0.370000,0.370000,0.370000,0.370000,0.370000,0.370000,0.370000,0.370000,0.370000,0.370000,0.370000,0.370000,0.370000,0.370000,0.370000,0.370000,0.370000,0.370000,0.370000 
01/06/2000 13:04,730638.544444,0.044444,1,0,1,0.369910,0.369954,0.369991,0.370000,0.370000,0.370000,0.370000,0.370000,0.370000,0.370000,0.370000,0.370000,0.370000,0.370000,0.370000,0.370000,0.370000,0.370000,0.370000,0.370000,0.370000,0.370000,0.370000,0.370000,0.370000,0.370000,0.370000,0.370000,0.370000,0.370000 
01/06/2000 13:05,730638.545139,0.045139,1,0,1,0.369905,0.369951,0.369990,0.370000,0.370000,0.370000,0.370000,0.370000,0.370000,0.370000,0.370000,0.370000,0.370000,0.370000,0.370000,0.370000,0.370000,0.370000,0.370000,0.370000,0.370000,0.370000,0.370000,0.370000,0.370000,0.370000,0.370000,0.370000,0.370000,0.370000 
01/06/2000 13:06,730638.545833,0.045833,1,0,1,0.369899,0.369948,0.369989,0.370000,0.370000,0.370000,0.370000,0.370000,0.370000,0.370000,0.370000,0.370000,0.370000,0.370000,0.370000,0.370000,0.370000,0.370000,0.370000,0.370000,0.370000,0.370000,0.370000,0.370000,0.370000,0.370000,0.370000,0.370000,0.370000,0.370000 
01/06/2000 13:07,730638.546528,0.046528,1,0,1,0.369893,0.369944,0.369988,0.370000,0.370000,0.370000,0.370000,0.370000,0.370000,0.370000,0.370000,0.370000,0.370000,0.370000,0.370000,0.370000,0.370000,0.370000,0.370000,0.370000,0.370000,0.370000,0.370000,0.370000,0.370000,0.370000,0.370000,0.370000,0.370000,0.370000 
01/06/2000 13:08,730638.547222,0.047222,1,0,1,0.369888,0.369941,0.369987,0.370000,0.370000,0.370000,0.370000,0.370000,0.370000,0.370000,0.370000,0.370000,0.370000,0.370000,0.370000,0.370000,0.370000,0.370000,0.370000,0.370000,0.370000,0.370000,0.370000,0.370000,0.370000,0.370000,0.370000,0.370000,0.370000,0.370000 
01/06/2000 13:09,730638.547917,0.047917,1,0,1,0.369882,0.369938,0.369987,0.370000,0.370000,0.370000,0.370000,0.370000,0.370000,0.370000,0.370000,0.370000,0.370000,0.370000,0.370000,0.370000,0.370000,0.370000,0.370000,0.370000,0.370000,0.370000,0.370000,0.370000,0.370000,0.370000,0.370000,0.370000,0.370000,0.370000 
01/06/2000 13:10,730638.548611,0.048611,1,0,1,0.369876,0.369935,0.369986,0.370000,0.370000,0.370000,0.370000,0.370000,0.370000,0.370000,0.370000,0.370000,0.370000,0.370000,0.370000,0.370000,0.370000,0.370000,0.370000,0.370000,0.370000,0.370000,0.370000,0.370000,0.370000,0.370000,0.370000,0.370000,0.370000,0.370000 
01/06/2000 13:11,730638.549306,0.049306,1,0,1,0.369871,0.369931,0.369985,0.370000,0.370000,0.370000,0.370000,0.370000,0.370000,0.370000,0.370000,0.370000,0.370000,0.370000,0.370000,0.370000,0.370000,0.370000,0.370000,0.370000,0.370000,0.370000,0.370000,0.370000,0.370000,0.370000,0.370000,0.370000,0.370000,0.370000 
01/06/2000 13:12,730638.550000,0.050000,1,0,1,0.369862,0.369926,0.369983,0.370000,0.370000,0.370000,0.370000,0.370000,0.370000,0.370000,0.370000,0.370000,0.370000,0.370000,0.370000,0.370000,0.370000,0.370000,0.370000,0.370000,0.370000,0.370000,0.370000,0.370000,0.370000,0.370000,0.370000,0.370000,0.370000,0.370000 
01/06/2000 13:13,730638.550694,0.050694,1,0,1,0.369848,0.369918,0.369981,0.370000,0.370000,0.370000,0.370000,0.370000,0.370000,0.370000,0.370000,0.370000,0.370000,0.370000,0.370000,0.370000,0.370000,0.370000,0.370000,0.370000,0.370000,0.370000,0.370000,0.370000,0.370000,0.370000,0.370000,0.370000,0.370000,0.370000 
01/06/2000 13:14,730638.551389,0.051389,1,0,1,0.369840,0.369913,0.369979,0.370000,0.370000,0.370000,0.370000,0.370000,0.370000,0.370000,0.370000,0.370000,0.370000,0.370000,0.370000,0.370000,0.370000,0.370000,0.370000,0.370000,0.370000,0.370000,0.370000,0.370000,0.370000,0.370000,0.370000,0.370000,0.370000,0.370000 
01/06/2000 13:15,730638.552083,0.052083,1,0,1,0.369834,0.369909,0.369978,0.370000,0.370000,0.370000,0.370000,0.370000,0.370000,0.370000,0.370000,0.370000,0.370000,0.370000,0.370000,0.370000,0.370000,0.370000,0.370000,0.370000,0.370000,0.370000,0.370000,0.370000,0.370000,0.370000,0.370000,0.370000,0.370000,0.370000 
01/06/2000 13:16,730638.552778,0.052778,1,0,1,0.369815,0.369898,0.369975,0.370000,0.370000,0.370000,0.370000,0.370000,0.370000,0.370000,0.370000,0.370000,0.370000,0.370000,0.370000,0.370000,0.370000,0.370000,0.370000,0.370000,0.370000,0.370000,0.370000,0.370000,0.370000,0.370000,0.370000,0.370000,0.370000,0.370000 
01/06/2000 13:17,730638.553472,0.053472,1,0,1,0.369805,0.369891,0.369973,0.370000,0.370000,0.370000,0.370000,0.370000,0.370000,0.370000,0.370000,0.370000,0.370000,0.370000,0.370000,0.370000,0.370000,0.370000,0.370000,0.370000,0.370000,0.370000,0.370000,0.370000,0.370000,0.370000,0.370000,0.370000,0.370000,0.370000 
01/06/2000 13:18,730638.554167,0.054167,1,0,1,0.369798,0.369887,0.369971,0.370000,0.370000,0.370000,0.370000,0.370000,0.370000,0.370000,0.370000,0.370000,0.370000,0.370000,0.370000,0.370000,0.370000,0.370000,0.370000,0.370000,0.370000,0.370000,0.370000,0.370000,0.370000,0.370000,0.370000,0.370000,0.370000,0.370000 
01/06/2000 13:19,730638.554861,0.054861,1,0,1,0.369792,0.369883,0.369970,0.370000,0.370000,0.370000,0.370000,0.370000,0.370000,0.370000,0.370000,0.370000,0.370000,0.370000,0.370000,0.370000,0.370000,0.370000,0.370000,0.370000,0.370000,0.370000,0.370000,0.370000,0.370000,0.370000,0.370000,0.370000,0.370000,0.370000 
01/06/2000 13:20,730638.555556,0.055556,1,0,1,0.369774,0.369873,0.369967,0.369999,0.370000,0.370000,0.370000,0.370000,0.370000,0.370000,0.370000,0.370000,0.370000,0.370000,0.370000,0.370000,0.370000,0.370000,0.370000,0.370000,0.370000,0.370000,0.370000,0.370000,0.370000,0.370000,0.370000,0.370000,0.370000,0.370000 
01/06/2000 13:21,730638.556250,0.056250,1,0,1,0.369765,0.369867,0.369965,0.369999,0.370000,0.370000,0.370000,0.370000,0.370000,0.370000,0.370000,0.370000,0.370000,0.370000,0.370000,0.370000,0.370000,0.370000,0.370000,0.370000,0.370000,0.370000,0.370000,0.370000,0.370000,0.370000,0.370000,0.370000,0.370000,0.370000 
01/06/2000 13:22,730638.556944,0.056944,1,0,1,0.369758,0.369862,0.369963,0.369999,0.370000,0.370000,0.370000,0.370000,0.370000,0.370000,0.370000,0.370000,0.370000,0.370000,0.370000,0.370000,0.370000,0.370000,0.370000,0.370000,0.370000,0.370000,0.370000,0.370000,0.370000,0.370000,0.370000,0.370000,0.370000,0.370000 
01/06/2000 13:23,730638.557639,0.057639,1,0,1,0.369752,0.369859,0.369962,0.369999,0.370000,0.370000,0.370000,0.370000,0.370000,0.370000,0.370000,0.370000,0.370000,0.370000,0.370000,0.370000,0.370000,0.370000,0.370000,0.370000,0.370000,0.370000,0.370000,0.370000,0.370000,0.370000,0.370000,0.370000,0.370000,0.370000 
01/06/2000 13:24,730638.558333,0.058333,1,0,1,0.369746,0.369855,0.369961,0.369999,0.370000,0.370000,0.370000,0.370000,0.370000,0.370000,0.370000,0.370000,0.370000,0.370000,0.370000,0.370000,0.370000,0.370000,0.370000,0.370000,0.370000,0.370000,0.370000,0.370000,0.370000,0.370000,0.370000,0.370000,0.370000,0.370000 
01/06/2000 13:25,730638.559028,0.059028,1,0,1,0.369741,0.369852,0.369960,0.369999,0.370000,0.370000,0.370000,0.370000,0.370000,0.370000,0.370000,0.370000,0.370000,0.370000,0.370000,0.370000,0.370000,0.370000,0.370000,0.370000,0.370000,0.370000,0.370000,0.370000,0.370000,0.370000,0.370000,0.370000,0.370000,0.370000 
01/06/2000 13:26,730638.559722,0.059722,1,0,1,0.369737,0.369849,0.369959,0.369999,0.370000,0.370000,0.370000,0.370000,0.370000,0.370000,0.370000,0.370000,0.370000,0.370000,0.370000,0.370000,0.370000,0.370000,0.370000,0.370000,0.370000,0.370000,0.370000,0.370000,0.370000,0.370000,0.370000,0.370000,0.370000,0.370000 
01/06/2000 13:27,730638.560417,0.060417,1,0,1,0.369732,0.369846,0.369958,0.369999,0.370000,0.370000,0.370000,0.370000,0.370000,0.370000,0.370000,0.370000,0.370000,0.370000,0.370000,0.370000,0.370000,0.370000,0.370000,0.370000,0.370000,0.370000,0.370000,0.370000,0.370000,0.370000,0.370000,0.370000,0.370000,0.370000 
01/06/2000 13:28,730638.561111,0.061111,1,0,1,0.369729,0.369844,0.369957,0.369999,0.370000,0.370000,0.370000,0.370000,0.370000,0.370000,0.370000,0.370000,0.370000,0.370000,0.370000,0.370000,0.370000,0.370000,0.370000,0.370000,0.370000,0.370000,0.370000,0.370000,0.370000,0.370000,0.370000,0.370000,0.370000,0.370000 
01/06/2000 13:29,730638.561806,0.061806,1,0,1,0.369723,0.369840,0.369956,0.369999,0.370000,0.370000,0.370000,0.370000,0.370000,0.370000,0.370000,0.370000,0.370000,0.370000,0.370000,0.370000,0.370000,0.370000,0.370000,0.370000,0.370000,0.370000,0.370000,0.370000,0.370000,0.370000,0.370000,0.370000,0.370000,0.370000 
01/06/2000 13:30,730638.562500,0.062500,1,0,1,0.369718,0.369837,0.369955,0.369999,0.370000,0.370000,0.370000,0.370000,0.370000,0.370000,0.370000,0.370000,0.370000,0.370000,0.370000,0.370000,0.370000,0.370000,0.370000,0.370000,0.370000,0.370000,0.370000,0.370000,0.370000,0.370000,0.370000,0.370000,0.370000,0.370000 
01/06/2000 13:31,730638.563194,0.063194,1,0,1,0.369713,0.369834,0.369954,0.369999,0.370000,0.370000,0.370000,0.370000,0.370000,0.370000,0.370000,0.370000,0.370000,0.370000,0.370000,0.370000,0.370000,0.370000,0.370000,0.370000,0.370000,0.370000,0.370000,0.370000,0.370000,0.370000,0.370000,0.370000,0.370000,0.370000 
01/06/2000 13:32,730638.563889,0.063889,1,0,1,0.369708,0.369831,0.369953,0.369999,0.370000,0.370000,0.370000,0.370000,0.370000,0.370000,0.370000,0.370000,0.370000,0.370000,0.370000,0.370000,0.370000,0.370000,0.370000,0.370000,0.370000,0.370000,0.370000,0.370000,0.370000,0.370000,0.370000,0.370000,0.370000,0.370000 
01/06/2000 13:33,730638.564583,0.064583,1,0,1,0.369704,0.369828,0.369952,0.369999,0.370000,0.370000,0.370000,0.370000,0.370000,0.370000,0.370000,0.370000,0.370000,0.370000,0.370000,0.370000,0.370000,0.370000,0.370000,0.370000,0.370000,0.370000,0.370000,0.370000,0.370000,0.370000,0.370000,0.370000,0.370000,0.370000 
01/06/2000 13:34,730638.565278,0.065278,1,0,1,0.369699,0.369825,0.369951,0.369999,0.370000,0.370000,0.370000,0.370000,0.370000,0.370000,0.370000,0.370000,0.370000,0.370000,0.370000,0.370000,0.370000,0.370000,0.370000,0.370000,0.370000,0.370000,0.370000,0.370000,0.370000,0.370000,0.370000,0.370000,0.370000,0.370000 
01/06/2000 13:35,730638.565972,0.065972,1,0,1,0.369696,0.369823,0.369950,0.369999,0.370000,0.370000,0.370000,0.370000,0.370000,0.370000,0.370000,0.370000,0.370000,0.370000,0.370000,0.370000,0.370000,0.370000,0.370000,0.370000,0.370000,0.370000,0.370000,0.370000,0.370000,0.370000,0.370000,0.370000,0.370000,0.370000 
01/06/2000 13:36,730638.566667,0.066667,1,0,1,0.369694,0.369822,0.369949,0.369999,0.370000,0.370000,0.370000,0.370000,0.370000,0.370000,0.370000,0.370000,0.370000,0.370000,0.370000,0.370000,0.370000,0.370000,0.370000,0.370000,0.370000,0.370000,0.370000,0.370000,0.370000,0.370000,0.370000,0.370000,0.370000,0.370000 
01/06/2000 13:37,730638.567361,0.067361,1,0,1,0.369689,0.369819,0.369948,0.369999,0.370000,0.370000,0.370000,0.370000,0.370000,0.370000,0.370000,0.370000,0.370000,0.370000,0.370000,0.370000,0.370000,0.370000,0.370000,0.370000,0.370000,0.370000,0.370000,0.370000,0.370000,0.370000,0.370000,0.370000,0.370000,0.370000 
01/06/2000 13:38,730638.568056,0.068056,1,0,1,0.369685,0.369816,0.369947,0.369999,0.370000,0.370000,0.370000,0.370000,0.370000,0.370000,0.370000,0.370000,0.370000,0.370000,0.370000,0.370000,0.370000,0.370000,0.370000,0.370000,0.370000,0.370000,0.370000,0.370000,0.370000,0.370000,0.370000,0.370000,0.370000,0.370000 
01/06/2000 13:39,730638.568750,0.068750,1,0,1,0.369681,0.369814,0.369947,0.369999,0.370000,0.370000,0.370000,0.370000,0.370000,0.370000,0.370000,0.370000,0.370000,0.370000,0.370000,0.370000,0.370000,0.370000,0.370000,0.370000,0.370000,0.370000,0.370000,0.370000,0.370000,0.370000,0.370000,0.370000,0.370000,0.370000 
01/06/2000 13:40,730638.569444,0.069444,1,0,1,0.369678,0.369812,0.369946,0.369999,0.370000,0.370000,0.370000,0.370000,0.370000,0.370000,0.370000,0.370000,0.370000,0.370000,0.370000,0.370000,0.370000,0.370000,0.370000,0.370000,0.370000,0.370000,0.370000,0.370000,0.370000,0.370000,0.370000,0.370000,0.370000,0.370000 
01/06/2000 13:41,730638.570139,0.070139,1,0,1,0.369666,0.369804,0.369943,0.369999,0.370000,0.370000,0.370000,0.370000,0.370000,0.370000,0.370000,0.370000,0.370000,0.370000,0.370000,0.370000,0.370000,0.370000,0.370000,0.370000,0.370000,0.370000,0.370000,0.370000,0.370000,0.370000,0.370000,0.370000,0.370000,0.370000 
01/06/2000 13:42,730638.570833,0.070833,1,0,1,0.369665,0.369803,0.369943,0.369999,0.370000,0.370000,0.370000,0.370000,0.370000,0.370000,0.370000,0.370000,0.370000,0.370000,0.370000,0.370000,0.370000,0.370000,0.370000,0.370000,0.370000,0.370000,0.370000,0.370000,0.370000,0.370000,0.370000,0.370000,0.370000,0.370000 
01/06/2000 13:43,730638.571528,0.071528,1,0,1,0.369658,0.369799,0.369941,0.369998,0.370000,0.370000,0.370000,0.370000,0.370000,0.370000,0.370000,0.370000,0.370000,0.370000,0.370000,0.370000,0.370000,0.370000,0.370000,0.370000,0.370000,0.370000,0.370000,0.370000,0.370000,0.370000,0.370000,0.370000,0.370000,0.370000 
01/06/2000 13:44,730638.572222,0.072222,1,0,1,0.369653,0.369796,0.369940,0.369998,0.370000,0.370000,0.370000,0.370000,0.370000,0.370000,0.370000,0.370000,0.370000,0.370000,0.370000,0.370000,0.370000,0.370000,0.370000,0.370000,0.370000,0.370000,0.370000,0.370000,0.370000,0.370000,0.370000,0.370000,0.370000,0.370000 
01/06/2000 13:45,730638.572917,0.072917,1,0,1,0.369651,0.369795,0.369940,0.369998,0.370000,0.370000,0.370000,0.370000,0.370000,0.370000,0.370000,0.370000,0.370000,0.370000,0.370000,0.370000,0.370000,0.370000,0.370000,0.370000,0.370000,0.370000,0.370000,0.370000,0.370000,0.370000,0.370000,0.370000,0.370000,0.370000 
01/06/2000 13:46,730638.573611,0.073611,1,0,1,0.369648,0.369793,0.369939,0.369998,0.370000,0.370000,0.370000,0.370000,0.370000,0.370000,0.370000,0.370000,0.370000,0.370000,0.370000,0.370000,0.370000,0.370000,0.370000,0.370000,0.370000,0.370000,0.370000,0.370000,0.370000,0.370000,0.370000,0.370000,0.370000,0.370000 
01/06/2000 13:47,730638.574306,0.074306,1,0,1,0.369641,0.369788,0.369937,0.369998,0.370000,0.370000,0.370000,0.370000,0.370000,0.370000,0.370000,0.370000,0.370000,0.370000,0.370000,0.370000,0.370000,0.370000,0.370000,0.370000,0.370000,0.370000,0.370000,0.370000,0.370000,0.370000,0.370000,0.370000,0.370000,0.370000 
01/06/2000 13:48,730638.575000,0.075000,1,0,1,0.369635,0.369784,0.369936,0.369998,0.370000,0.370000,0.370000,0.370000,0.370000,0.370000,0.370000,0.370000,0.370000,0.370000,0.370000,0.370000,0.370000,0.370000,0.370000,0.370000,0.370000,0.370000,0.370000,0.370000,0.370000,0.370000,0.370000,0.370000,0.370000,0.370000 
01/06/2000 13:49,730638.575694,0.075694,1,0,1,0.369631,0.369782,0.369935,0.369998,0.370000,0.370000,0.370000,0.370000,0.370000,0.370000,0.370000,0.370000,0.370000,0.370000,0.370000,0.370000,0.370000,0.370000,0.370000,0.370000,0.370000,0.370000,0.370000,0.370000,0.370000,0.370000,0.370000,0.370000,0.370000,0.370000 
01/06/2000 13:50,730638.576389,0.076389,1,0,1,0.369628,0.369780,0.369934,0.369998,0.370000,0.370000,0.370000,0.370000,0.370000,0.370000,0.370000,0.370000,0.370000,0.370000,0.370000,0.370000,0.370000,0.370000,0.370000,0.370000,0.370000,0.370000,0.370000,0.370000,0.370000,0.370000,0.370000,0.370000,0.370000,0.370000 
01/06/2000 13:51,730638.577083,0.077083,1,0,1,0.369626,0.369778,0.369934,0.369998,0.370000,0.370000,0.370000,0.370000,0.370000,0.370000,0.370000,0.370000,0.370000,0.370000,0.370000,0.370000,0.370000,0.370000,0.370000,0.370000,0.370000,0.370000,0.370000,0.370000,0.370000,0.370000,0.370000,0.370000,0.370000,0.370000 
01/06/2000 13:52,730638.577778,0.077778,1,0,1,0.369623,0.369777,0.369933,0.369998,0.370000,0.370000,0.370000,0.370000,0.370000,0.370000,0.370000,0.370000,0.370000,0.370000,0.370000,0.370000,0.370000,0.370000,0.370000,0.370000,0.370000,0.370000,0.370000,0.370000,0.370000,0.370000,0.370000,0.370000,0.370000,0.370000 
01/06/2000 13:53,730638.578472,0.078472,1,0,1,0.369621,0.369775,0.369933,0.369998,0.370000,0.370000,0.370000,0.370000,0.370000,0.370000,0.370000,0.370000,0.370000,0.370000,0.370000,0.370000,0.370000,0.370000,0.370000,0.370000,0.370000,0.370000,0.370000,0.370000,0.370000,0.370000,0.370000,0.370000,0.370000,0.370000 
01/06/2000 13:54,730638.579167,0.079167,1,0,1,0.369618,0.369773,0.369932,0.369998,0.370000,0.370000,0.370000,0.370000,0.370000,0.370000,0.370000,0.370000,0.370000,0.370000,0.370000,0.370000,0.370000,0.370000,0.370000,0.370000,0.370000,0.370000,0.370000,0.370000,0.370000,0.370000,0.370000,0.370000,0.370000,0.370000 
01/06/2000 13:55,730638.579861,0.079861,1,0,1,0.369614,0.369770,0.369931,0.369998,0.370000,0.370000,0.370000,0.370000,0.370000,0.370000,0.370000,0.370000,0.370000,0.370000,0.370000,0.370000,0.370000,0.370000,0.370000,0.370000,0.370000,0.370000,0.370000,0.370000,0.370000,0.370000,0.370000,0.370000,0.370000,0.370000 
01/06/2000 13:56,730638.580556,0.080556,1,0,1,0.369611,0.369769,0.369930,0.369998,0.370000,0.370000,0.370000,0.370000,0.370000,0.370000,0.370000,0.370000,0.370000,0.370000,0.370000,0.370000,0.370000,0.370000,0.370000,0.370000,0.370000,0.370000,0.370000,0.370000,0.370000,0.370000,0.370000,0.370000,0.370000,0.370000 
01/06/2000 13:57,730638.581250,0.081250,1,0,1,0.369608,0.369767,0.369930,0.369998,0.370000,0.370000,0.370000,0.370000,0.370000,0.370000,0.370000,0.370000,0.370000,0.370000,0.370000,0.370000,0.370000,0.370000,0.370000,0.370000,0.370000,0.370000,0.370000,0.370000,0.370000,0.370000,0.370000,0.370000,0.370000,0.370000 
01/06/2000 13:58,730638.581944,0.081944,1,0,1,0.369604,0.369764,0.369928,0.369998,0.370000,0.370000,0.370000,0.370000,0.370000,0.370000,0.370000,0.370000,0.370000,0.370000,0.370000,0.370000,0.370000,0.370000,0.370000,0.370000,0.370000,0.370000,0.370000,0.370000,0.370000,0.370000,0.370000,0.370000,0.370000,0.370000 
01/06/2000 13:59,730638.582639,0.082639,1,0,1,0.369600,0.369762,0.369928,0.369998,0.370000,0.370000,0.370000,0.370000,0.370000,0.370000,0.370000,0.370000,0.370000,0.370000,0.370000,0.370000,0.370000,0.370000,0.370000,0.370000,0.370000,0.370000,0.370000,0.370000,0.370000,0.370000,0.370000,0.370000,0.370000,0.370000 
01/06/2000 14:00,730638.583333,0.083333,1,0,1,0.369597,0.369760,0.369927,0.369998,0.370000,0.370000,0.370000,0.370000,0.370000,0.370000,0.370000,0.370000,0.370000,0.370000,0.370000,0.370000,0.370000,0.370000,0.370000,0.370000,0.370000,0.370000,0.370000,0.370000,0.370000,0.370000,0.370000,0.370000,0.370000,0.370000 
